# pose.bones['IK-MSTR-Foot.L'].location Y
# 
0.000000000000000000e+00 1.000000000000000000e+00 -4.759676456451416016e-01 0.000000000000000000e+00 -1.666666746139526367e+00 -3.862062394618988037e-01 1.000000000000000000e+00 3.333333253860473633e+00 -4.759676456451416016e-01 4.000000000000000000e+00 0.000000000000000000e+00 0.000000000000000000e+00 8.000000119209289551e-01 1.701580047607421875e+00 4.099999904632568359e+00
1.000000000000000000e+00 8.000000000000000000e+00 -4.450885057449340820e-01 0.000000000000000000e+00 5.666666984558105469e+00 -4.759676456451416016e-01 4.000000000000000000e+00 1.066666698455810547e+01 -4.097980558872222900e-01 4.000000000000000000e+00 0.000000000000000000e+00 0.000000000000000000e+00 8.000000119209289551e-01 1.701580047607421875e+00 4.099999904632568359e+00
2.000000000000000000e+00 1.600000000000000000e+01 -2.028319239616394043e-01 0.000000000000000000e+00 1.333333301544189453e+01 -3.268282711505889893e-01 4.000000000000000000e+00 1.833333396911621094e+01 -9.433512389659881592e-02 4.000000000000000000e+00 0.000000000000000000e+00 0.000000000000000000e+00 8.000000119209289551e-01 1.701580047607421875e+00 4.099999904632568359e+00
3.000000000000000000e+00 2.300000000000000000e+01 1.293553858995437622e-01 0.000000000000000000e+00 2.066666603088378906e+01 4.557267576456069946e-02 4.000000000000000000e+00 2.566666603088378906e+01 2.251070588827133179e-01 4.000000000000000000e+00 0.000000000000000000e+00 0.000000000000000000e+00 8.000000119209289551e-01 1.701580047607421875e+00 4.099999904632568359e+00
4.000000000000000000e+00 3.100000000000000000e+01 2.475524991750717163e-01 0.000000000000000000e+00 2.833333396911621094e+01 2.475524991750717163e-01 4.000000000000000000e+00 3.333333206176757812e+01 1.892174184322357178e-01 1.000000000000000000e+00 0.000000000000000000e+00 0.000000000000000000e+00 8.000000119209289551e-01 1.701580047607421875e+00 4.099999904632568359e+00
5.000000000000000000e+00 3.800000000000000000e+01 7.290971279144287109e-02 0.000000000000000000e+00 3.566666793823242188e+01 1.308823376893997192e-01 4.000000000000000000e+00 4.066666793823242188e+01 6.655275821685791016e-03 4.000000000000000000e+00 0.000000000000000000e+00 0.000000000000000000e+00 8.000000119209289551e-01 1.701580047607421875e+00 4.099999904632568359e+00
6.000000000000000000e+00 4.600000000000000000e+01 -1.266820579767227173e-01 0.000000000000000000e+00 4.333333206176757812e+01 -5.912575870752334595e-02 4.000000000000000000e+00 4.833333206176757812e+01 -1.857938170433044434e-01 4.000000000000000000e+00 0.000000000000000000e+00 0.000000000000000000e+00 8.000000119209289551e-01 1.701580047607421875e+00 4.099999904632568359e+00
7.000000000000000000e+00 5.300000000000000000e+01 -3.013248145580291748e-01 0.000000000000000000e+00 5.066666793823242188e+01 -2.462647557258605957e-01 4.000000000000000000e+00 5.566666793823242188e+01 -3.642506003379821777e-01 4.000000000000000000e+00 0.000000000000000000e+00 0.000000000000000000e+00 8.000000119209289551e-01 1.701580047607421875e+00 4.099999904632568359e+00
8.000000000000000000e+00 6.100000000000000000e+01 -4.759676456451416016e-01 0.000000000000000000e+00 5.833333206176757812e+01 -4.201091229915618896e-01 1.000000000000000000e+00 6.333333206176757812e+01 -4.759676456451416016e-01 4.000000000000000000e+00 0.000000000000000000e+00 0.000000000000000000e+00 8.000000119209289551e-01 1.701580047607421875e+00 4.099999904632568359e+00
9.000000000000000000e+00 6.800000000000000000e+01 -4.450885057449340820e-01 0.000000000000000000e+00 6.566666412353515625e+01 -4.759676456451416016e-01 4.000000000000000000e+00 7.066666412353515625e+01 -4.097980558872222900e-01 4.000000000000000000e+00 0.000000000000000000e+00 0.000000000000000000e+00 8.000000119209289551e-01 1.701580047607421875e+00 4.099999904632568359e+00
1.000000000000000000e+01 7.600000000000000000e+01 -2.028319239616394043e-01 0.000000000000000000e+00 7.333333587646484375e+01 -3.268282711505889893e-01 4.000000000000000000e+00 7.833333587646484375e+01 -9.433511644601821899e-02 4.000000000000000000e+00 0.000000000000000000e+00 0.000000000000000000e+00 8.000000119209289551e-01 1.701580047607421875e+00 4.099999904632568359e+00
1.100000000000000000e+01 8.300000000000000000e+01 1.293553858995437622e-01 0.000000000000000000e+00 8.066666412353515625e+01 4.557269811630249023e-02 4.000000000000000000e+00 8.566666412353515625e+01 2.251070439815521240e-01 4.000000000000000000e+00 0.000000000000000000e+00 0.000000000000000000e+00 8.000000119209289551e-01 1.701580047607421875e+00 4.099999904632568359e+00
1.200000000000000000e+01 9.100000000000000000e+01 2.475524991750717163e-01 0.000000000000000000e+00 8.833333587646484375e+01 2.475524991750717163e-01 4.000000000000000000e+00 9.333333587646484375e+01 1.892174184322357178e-01 1.000000000000000000e+00 0.000000000000000000e+00 0.000000000000000000e+00 8.000000119209289551e-01 1.701580047607421875e+00 4.099999904632568359e+00
1.300000000000000000e+01 9.800000000000000000e+01 7.290971279144287109e-02 0.000000000000000000e+00 9.566666412353515625e+01 1.308823376893997192e-01 4.000000000000000000e+00 1.006666641235351562e+02 6.655275821685791016e-03 4.000000000000000000e+00 0.000000000000000000e+00 0.000000000000000000e+00 8.000000119209289551e-01 1.701580047607421875e+00 4.099999904632568359e+00
1.400000000000000000e+01 1.060000000000000000e+02 -1.266820579767227173e-01 0.000000000000000000e+00 1.033333358764648438e+02 -5.912575870752334595e-02 4.000000000000000000e+00 1.083333358764648438e+02 -1.857938170433044434e-01 4.000000000000000000e+00 0.000000000000000000e+00 0.000000000000000000e+00 8.000000119209289551e-01 1.701580047607421875e+00 4.099999904632568359e+00
1.500000000000000000e+01 1.130000000000000000e+02 -3.013248145580291748e-01 0.000000000000000000e+00 1.106666641235351562e+02 -2.462647557258605957e-01 4.000000000000000000e+00 1.156666641235351562e+02 -3.642506003379821777e-01 4.000000000000000000e+00 0.000000000000000000e+00 0.000000000000000000e+00 8.000000119209289551e-01 1.701580047607421875e+00 4.099999904632568359e+00
1.600000000000000000e+01 1.210000000000000000e+02 -4.759676456451416016e-01 0.000000000000000000e+00 1.183333358764648438e+02 -4.201091229915618896e-01 1.000000000000000000e+00 1.233333358764648438e+02 -4.759676456451416016e-01 4.000000000000000000e+00 0.000000000000000000e+00 0.000000000000000000e+00 8.000000119209289551e-01 1.701580047607421875e+00 4.099999904632568359e+00
1.700000000000000000e+01 1.280000000000000000e+02 -4.450885057449340820e-01 0.000000000000000000e+00 1.256666641235351562e+02 -4.759676456451416016e-01 4.000000000000000000e+00 1.306666717529296875e+02 -4.097980558872222900e-01 4.000000000000000000e+00 0.000000000000000000e+00 0.000000000000000000e+00 8.000000119209289551e-01 1.701580047607421875e+00 4.099999904632568359e+00
1.800000000000000000e+01 1.360000000000000000e+02 -2.028319239616394043e-01 0.000000000000000000e+00 1.333333282470703125e+02 -3.268282413482666016e-01 4.000000000000000000e+00 1.383333282470703125e+02 -9.433513134717941284e-02 4.000000000000000000e+00 0.000000000000000000e+00 0.000000000000000000e+00 8.000000119209289551e-01 1.701580047607421875e+00 4.099999904632568359e+00
1.900000000000000000e+01 1.430000000000000000e+02 1.293553858995437622e-01 0.000000000000000000e+00 1.406666717529296875e+02 4.557263106107711792e-02 4.000000000000000000e+00 1.456666717529296875e+02 2.251071035861968994e-01 4.000000000000000000e+00 0.000000000000000000e+00 0.000000000000000000e+00 8.000000119209289551e-01 1.701580047607421875e+00 4.099999904632568359e+00
2.000000000000000000e+01 1.510000000000000000e+02 2.475524991750717163e-01 0.000000000000000000e+00 1.483333282470703125e+02 2.475524991750717163e-01 4.000000000000000000e+00 1.533333282470703125e+02 1.892174184322357178e-01 1.000000000000000000e+00 0.000000000000000000e+00 0.000000000000000000e+00 8.000000119209289551e-01 1.701580047607421875e+00 4.099999904632568359e+00
2.100000000000000000e+01 1.580000000000000000e+02 7.290971279144287109e-02 0.000000000000000000e+00 1.556666717529296875e+02 1.308823376893997192e-01 4.000000000000000000e+00 1.606666717529296875e+02 6.655275821685791016e-03 4.000000000000000000e+00 0.000000000000000000e+00 0.000000000000000000e+00 8.000000119209289551e-01 1.701580047607421875e+00 4.099999904632568359e+00
2.200000000000000000e+01 1.660000000000000000e+02 -1.266820579767227173e-01 0.000000000000000000e+00 1.633333282470703125e+02 -5.912575870752334595e-02 4.000000000000000000e+00 1.683333282470703125e+02 -1.857938170433044434e-01 4.000000000000000000e+00 0.000000000000000000e+00 0.000000000000000000e+00 8.000000119209289551e-01 1.701580047607421875e+00 4.099999904632568359e+00
2.300000000000000000e+01 1.730000000000000000e+02 -3.013248145580291748e-01 0.000000000000000000e+00 1.706666717529296875e+02 -2.462647557258605957e-01 4.000000000000000000e+00 1.756666717529296875e+02 -3.642506003379821777e-01 4.000000000000000000e+00 0.000000000000000000e+00 0.000000000000000000e+00 8.000000119209289551e-01 1.701580047607421875e+00 4.099999904632568359e+00
