# pose.bones['MSTR-Spine_Hips'].rotation_euler Y
# 
0.000000000000000000e+00 1.000000000000000000e+00 3.490658402442932129e-01 0.000000000000000000e+00 -1.666666746139526367e+00 3.490658402442932129e-01 4.000000000000000000e+00 3.333333253860473633e+00 3.490658402442932129e-01 4.000000000000000000e+00 0.000000000000000000e+00 0.000000000000000000e+00 8.000000119209289551e-01 1.701580047607421875e+00 4.099999904632568359e+00
1.000000000000000000e+00 8.000000000000000000e+00 2.527753710746765137e-01 0.000000000000000000e+00 5.666666984558105469e+00 3.110564351081848145e-01 4.000000000000000000e+00 1.066666698455810547e+01 1.861684322357177734e-01 4.000000000000000000e+00 0.000000000000000000e+00 0.000000000000000000e+00 8.000000119209289551e-01 1.701580047607421875e+00 4.099999904632568359e+00
2.000000000000000000e+00 1.600000000000000000e+01 0.000000000000000000e+00 0.000000000000000000e+00 1.333333301544189453e+01 9.308422356843948364e-02 4.000000000000000000e+00 1.833333396911621094e+01 -8.144869655370712280e-02 4.000000000000000000e+00 0.000000000000000000e+00 0.000000000000000000e+00 8.000000119209289551e-01 1.701580047607421875e+00 4.099999904632568359e+00
3.000000000000000000e+00 2.300000000000000000e+01 -2.266083806753158569e-01 0.000000000000000000e+00 2.066666603088378906e+01 -1.628974080085754395e-01 4.000000000000000000e+00 2.566666603088378906e+01 -2.994209229946136475e-01 4.000000000000000000e+00 0.000000000000000000e+00 0.000000000000000000e+00 8.000000119209289551e-01 1.701580047607421875e+00 4.099999904632568359e+00
4.000000000000000000e+00 3.100000000000000000e+01 -3.490658402442932129e-01 0.000000000000000000e+00 2.833333396911621094e+01 -3.490658402442932129e-01 4.000000000000000000e+00 3.333333206176757812e+01 -3.490658402442932129e-01 4.000000000000000000e+00 0.000000000000000000e+00 0.000000000000000000e+00 8.000000119209289551e-01 1.701580047607421875e+00 4.099999904632568359e+00
5.000000000000000000e+00 3.800000000000000000e+01 -2.550222575664520264e-01 0.000000000000000000e+00 3.566666793823242188e+01 -3.122800588607788086e-01 4.000000000000000000e+00 4.066666793823242188e+01 -1.895847618579864502e-01 4.000000000000000000e+00 0.000000000000000000e+00 0.000000000000000000e+00 8.000000119209289551e-01 1.701580047607421875e+00 4.099999904632568359e+00
6.000000000000000000e+00 4.600000000000000000e+01 0.000000000000000000e+00 0.000000000000000000e+00 4.333333206176757812e+01 -9.740827232599258423e-02 4.000000000000000000e+00 4.833333206176757812e+01 8.523223549127578735e-02 4.000000000000000000e+00 0.000000000000000000e+00 0.000000000000000000e+00 8.000000119209289551e-01 1.701580047607421875e+00 4.099999904632568359e+00
7.000000000000000000e+00 5.300000000000000000e+01 2.378763556480407715e-01 0.000000000000000000e+00 5.066666793823242188e+01 1.744700670242309570e-01 4.000000000000000000e+00 5.566666793823242188e+01 3.103407025337219238e-01 4.000000000000000000e+00 0.000000000000000000e+00 0.000000000000000000e+00 8.000000119209289551e-01 1.701580047607421875e+00 4.099999904632568359e+00
8.000000000000000000e+00 6.100000000000000000e+01 3.490658402442932129e-01 0.000000000000000000e+00 5.833333206176757812e+01 3.490658402442932129e-01 4.000000000000000000e+00 6.333333206176757812e+01 3.490658402442932129e-01 4.000000000000000000e+00 0.000000000000000000e+00 0.000000000000000000e+00 8.000000119209289551e-01 1.701580047607421875e+00 4.099999904632568359e+00
9.000000000000000000e+00 6.800000000000000000e+01 2.527753710746765137e-01 0.000000000000000000e+00 6.566666412353515625e+01 3.110564351081848145e-01 4.000000000000000000e+00 7.066666412353515625e+01 1.861684322357177734e-01 4.000000000000000000e+00 0.000000000000000000e+00 0.000000000000000000e+00 8.000000119209289551e-01 1.701580047607421875e+00 4.099999904632568359e+00
1.000000000000000000e+01 7.600000000000000000e+01 0.000000000000000000e+00 0.000000000000000000e+00 7.333333587646484375e+01 9.308423101902008057e-02 4.000000000000000000e+00 7.833333587646484375e+01 -8.144870400428771973e-02 4.000000000000000000e+00 0.000000000000000000e+00 0.000000000000000000e+00 8.000000119209289551e-01 1.701580047607421875e+00 4.099999904632568359e+00
1.100000000000000000e+01 8.300000000000000000e+01 -2.266083806753158569e-01 0.000000000000000000e+00 8.066666412353515625e+01 -1.628974080085754395e-01 4.000000000000000000e+00 8.566666412353515625e+01 -2.994209229946136475e-01 4.000000000000000000e+00 0.000000000000000000e+00 0.000000000000000000e+00 8.000000119209289551e-01 1.701580047607421875e+00 4.099999904632568359e+00
1.200000000000000000e+01 9.100000000000000000e+01 -3.490658402442932129e-01 0.000000000000000000e+00 8.833333587646484375e+01 -3.490658402442932129e-01 4.000000000000000000e+00 9.333333587646484375e+01 -3.490658402442932129e-01 4.000000000000000000e+00 0.000000000000000000e+00 0.000000000000000000e+00 8.000000119209289551e-01 1.701580047607421875e+00 4.099999904632568359e+00
1.300000000000000000e+01 9.800000000000000000e+01 -2.550222575664520264e-01 0.000000000000000000e+00 9.566666412353515625e+01 -3.122800886631011963e-01 4.000000000000000000e+00 1.006666641235351562e+02 -1.895847320556640625e-01 4.000000000000000000e+00 0.000000000000000000e+00 0.000000000000000000e+00 8.000000119209289551e-01 1.701580047607421875e+00 4.099999904632568359e+00
1.400000000000000000e+01 1.060000000000000000e+02 0.000000000000000000e+00 0.000000000000000000e+00 1.033333358764648438e+02 -9.740827232599258423e-02 4.000000000000000000e+00 1.083333358764648438e+02 8.523223549127578735e-02 4.000000000000000000e+00 0.000000000000000000e+00 0.000000000000000000e+00 8.000000119209289551e-01 1.701580047607421875e+00 4.099999904632568359e+00
1.500000000000000000e+01 1.130000000000000000e+02 2.378763556480407715e-01 0.000000000000000000e+00 1.106666641235351562e+02 1.744700968265533447e-01 4.000000000000000000e+00 1.156666641235351562e+02 3.103406727313995361e-01 4.000000000000000000e+00 0.000000000000000000e+00 0.000000000000000000e+00 8.000000119209289551e-01 1.701580047607421875e+00 4.099999904632568359e+00
1.600000000000000000e+01 1.210000000000000000e+02 3.490658402442932129e-01 0.000000000000000000e+00 1.183333358764648438e+02 3.490658402442932129e-01 4.000000000000000000e+00 1.233333358764648438e+02 3.490658402442932129e-01 4.000000000000000000e+00 0.000000000000000000e+00 0.000000000000000000e+00 8.000000119209289551e-01 1.701580047607421875e+00 4.099999904632568359e+00
1.700000000000000000e+01 1.280000000000000000e+02 2.527753710746765137e-01 0.000000000000000000e+00 1.256666641235351562e+02 3.110564649105072021e-01 4.000000000000000000e+00 1.306666717529296875e+02 1.861684024333953857e-01 4.000000000000000000e+00 0.000000000000000000e+00 0.000000000000000000e+00 8.000000119209289551e-01 1.701580047607421875e+00 4.099999904632568359e+00
1.800000000000000000e+01 1.360000000000000000e+02 0.000000000000000000e+00 0.000000000000000000e+00 1.333333282470703125e+02 9.308420866727828979e-02 4.000000000000000000e+00 1.383333282470703125e+02 -8.144868165254592896e-02 4.000000000000000000e+00 0.000000000000000000e+00 0.000000000000000000e+00 8.000000119209289551e-01 1.701580047607421875e+00 4.099999904632568359e+00
1.900000000000000000e+01 1.430000000000000000e+02 -2.266083806753158569e-01 0.000000000000000000e+00 1.406666717529296875e+02 -1.628973782062530518e-01 4.000000000000000000e+00 1.456666717529296875e+02 -2.994209527969360352e-01 4.000000000000000000e+00 0.000000000000000000e+00 0.000000000000000000e+00 8.000000119209289551e-01 1.701580047607421875e+00 4.099999904632568359e+00
2.000000000000000000e+01 1.510000000000000000e+02 -3.490658402442932129e-01 0.000000000000000000e+00 1.483333282470703125e+02 -3.490658402442932129e-01 4.000000000000000000e+00 1.533333282470703125e+02 -3.490658402442932129e-01 4.000000000000000000e+00 0.000000000000000000e+00 0.000000000000000000e+00 8.000000119209289551e-01 1.701580047607421875e+00 4.099999904632568359e+00
2.100000000000000000e+01 1.580000000000000000e+02 -2.550222575664520264e-01 0.000000000000000000e+00 1.556666717529296875e+02 -3.122800290584564209e-01 4.000000000000000000e+00 1.606666717529296875e+02 -1.895847916603088379e-01 4.000000000000000000e+00 0.000000000000000000e+00 0.000000000000000000e+00 8.000000119209289551e-01 1.701580047607421875e+00 4.099999904632568359e+00
2.200000000000000000e+01 1.660000000000000000e+02 0.000000000000000000e+00 0.000000000000000000e+00 1.633333282470703125e+02 -9.740827232599258423e-02 4.000000000000000000e+00 1.683333282470703125e+02 8.523223549127578735e-02 4.000000000000000000e+00 0.000000000000000000e+00 0.000000000000000000e+00 8.000000119209289551e-01 1.701580047607421875e+00 4.099999904632568359e+00
2.300000000000000000e+01 1.730000000000000000e+02 2.378763556480407715e-01 0.000000000000000000e+00 1.706666717529296875e+02 1.744700521230697632e-01 4.000000000000000000e+00 1.756666717529296875e+02 3.103407025337219238e-01 4.000000000000000000e+00 0.000000000000000000e+00 0.000000000000000000e+00 8.000000119209289551e-01 1.701580047607421875e+00 4.099999904632568359e+00
