# pose.bones['IK-MSTR-Foot.R'].location Y
# 
0.000000000000000000e+00 1.000000000000000000e+00 2.522426843643188477e-01 0.000000000000000000e+00 -1.666666746139526367e+00 2.522426843643188477e-01 4.000000000000000000e+00 3.333333253860473633e+00 2.522426843643188477e-01 4.000000000000000000e+00 0.000000000000000000e+00 0.000000000000000000e+00 8.000000119209289551e-01 1.701580047607421875e+00 4.099999904632568359e+00
1.000000000000000000e+00 8.000000000000000000e+00 8.064685016870498657e-02 0.000000000000000000e+00 5.666666984558105469e+00 1.540584117174148560e-01 4.000000000000000000e+00 1.066666698455810547e+01 -3.252081573009490967e-03 4.000000000000000000e+00 0.000000000000000000e+00 0.000000000000000000e+00 8.000000119209289551e-01 1.701580047607421875e+00 4.099999904632568359e+00
2.000000000000000000e+00 1.600000000000000000e+01 -1.154626384377479553e-01 0.000000000000000000e+00 1.333333301544189453e+01 -5.479479581117630005e-02 4.000000000000000000e+00 1.833333396911621094e+01 -1.685470044612884521e-01 4.000000000000000000e+00 0.000000000000000000e+00 0.000000000000000000e+00 8.000000119209289551e-01 1.701580047607421875e+00 4.099999904632568359e+00
3.000000000000000000e+00 2.300000000000000000e+01 -2.870584428310394287e-01 0.000000000000000000e+00 2.066666603088378906e+01 -2.286177873611450195e-01 4.000000000000000000e+00 2.566666603088378906e+01 -3.538477420806884766e-01 4.000000000000000000e+00 0.000000000000000000e+00 0.000000000000000000e+00 8.000000119209289551e-01 1.701580047607421875e+00 4.099999904632568359e+00
4.000000000000000000e+00 3.100000000000000000e+01 -4.831679463386535645e-01 0.000000000000000000e+00 2.833333396911621094e+01 -4.185078442096710205e-01 1.000000000000000000e+00 3.333333206176757812e+01 -4.779540300369262695e-01 1.000000000000000000e+00 0.000000000000000000e+00 0.000000000000000000e+00 8.000000119209289551e-01 1.701580047607421875e+00 4.099999904632568359e+00
5.000000000000000000e+00 3.800000000000000000e+01 -4.375858604907989502e-01 0.000000000000000000e+00 3.566666793823242188e+01 -4.727401137351989746e-01 4.000000000000000000e+00 4.066666793823242188e+01 -3.974095582962036133e-01 4.000000000000000000e+00 0.000000000000000000e+00 0.000000000000000000e+00 8.000000119209289551e-01 1.701580047607421875e+00 4.099999904632568359e+00
6.000000000000000000e+00 4.600000000000000000e+01 -1.989779472351074219e-01 0.000000000000000000e+00 4.333333206176757812e+01 -3.181275129318237305e-01 4.000000000000000000e+00 4.833333206176757812e+01 -9.472206234931945801e-02 4.000000000000000000e+00 0.000000000000000000e+00 0.000000000000000000e+00 8.000000119209289551e-01 1.701580047607421875e+00 4.099999904632568359e+00
7.000000000000000000e+00 5.300000000000000000e+01 1.246039420366287231e-01 0.000000000000000000e+00 5.066666793823242188e+01 4.005741328001022339e-02 4.000000000000000000e+00 5.566666793823242188e+01 2.212285399436950684e-01 4.000000000000000000e+00 0.000000000000000000e+00 0.000000000000000000e+00 8.000000119209289551e-01 1.701580047607421875e+00 4.099999904632568359e+00
8.000000000000000000e+00 6.100000000000000000e+01 2.522426843643188477e-01 0.000000000000000000e+00 5.833333206176757812e+01 2.522426843643188477e-01 4.000000000000000000e+00 6.333333206176757812e+01 2.522426843643188477e-01 4.000000000000000000e+00 0.000000000000000000e+00 0.000000000000000000e+00 8.000000119209289551e-01 1.701580047607421875e+00 4.099999904632568359e+00
9.000000000000000000e+00 6.800000000000000000e+01 8.064685016870498657e-02 0.000000000000000000e+00 6.566666412353515625e+01 1.540583968162536621e-01 4.000000000000000000e+00 7.066666412353515625e+01 -3.252074122428894043e-03 4.000000000000000000e+00 0.000000000000000000e+00 0.000000000000000000e+00 8.000000119209289551e-01 1.701580047607421875e+00 4.099999904632568359e+00
1.000000000000000000e+01 7.600000000000000000e+01 -1.154626384377479553e-01 0.000000000000000000e+00 7.333333587646484375e+01 -5.479479581117630005e-02 4.000000000000000000e+00 7.833333587646484375e+01 -1.685470044612884521e-01 4.000000000000000000e+00 0.000000000000000000e+00 0.000000000000000000e+00 8.000000119209289551e-01 1.701580047607421875e+00 4.099999904632568359e+00
1.100000000000000000e+01 8.300000000000000000e+01 -2.870584428310394287e-01 0.000000000000000000e+00 8.066666412353515625e+01 -2.286177873611450195e-01 4.000000000000000000e+00 8.566666412353515625e+01 -3.538477420806884766e-01 4.000000000000000000e+00 0.000000000000000000e+00 0.000000000000000000e+00 8.000000119209289551e-01 1.701580047607421875e+00 4.099999904632568359e+00
1.200000000000000000e+01 9.100000000000000000e+01 -4.831679463386535645e-01 0.000000000000000000e+00 8.833333587646484375e+01 -4.185078442096710205e-01 1.000000000000000000e+00 9.333333587646484375e+01 -4.779540300369262695e-01 1.000000000000000000e+00 0.000000000000000000e+00 0.000000000000000000e+00 8.000000119209289551e-01 1.701580047607421875e+00 4.099999904632568359e+00
1.300000000000000000e+01 9.800000000000000000e+01 -4.375858604907989502e-01 0.000000000000000000e+00 9.566666412353515625e+01 -4.727401137351989746e-01 4.000000000000000000e+00 1.006666641235351562e+02 -3.974095582962036133e-01 4.000000000000000000e+00 0.000000000000000000e+00 0.000000000000000000e+00 8.000000119209289551e-01 1.701580047607421875e+00 4.099999904632568359e+00
1.400000000000000000e+01 1.060000000000000000e+02 -1.989779472351074219e-01 0.000000000000000000e+00 1.033333358764648438e+02 -3.181275427341461182e-01 4.000000000000000000e+00 1.083333358764648438e+02 -9.472205489873886108e-02 4.000000000000000000e+00 0.000000000000000000e+00 0.000000000000000000e+00 8.000000119209289551e-01 1.701580047607421875e+00 4.099999904632568359e+00
1.500000000000000000e+01 1.130000000000000000e+02 1.246039420366287231e-01 0.000000000000000000e+00 1.106666641235351562e+02 4.005745053291320801e-02 4.000000000000000000e+00 1.156666641235351562e+02 2.212285101413726807e-01 4.000000000000000000e+00 0.000000000000000000e+00 0.000000000000000000e+00 8.000000119209289551e-01 1.701580047607421875e+00 4.099999904632568359e+00
1.600000000000000000e+01 1.210000000000000000e+02 2.522426843643188477e-01 0.000000000000000000e+00 1.183333358764648438e+02 2.522426843643188477e-01 4.000000000000000000e+00 1.233333358764648438e+02 2.522426843643188477e-01 4.000000000000000000e+00 0.000000000000000000e+00 0.000000000000000000e+00 8.000000119209289551e-01 1.701580047607421875e+00 4.099999904632568359e+00
1.700000000000000000e+01 1.280000000000000000e+02 8.064685016870498657e-02 0.000000000000000000e+00 1.256666641235351562e+02 1.540584415197372437e-01 4.000000000000000000e+00 1.306666717529296875e+02 -3.252111375331878662e-03 4.000000000000000000e+00 0.000000000000000000e+00 0.000000000000000000e+00 8.000000119209289551e-01 1.701580047607421875e+00 4.099999904632568359e+00
1.800000000000000000e+01 1.360000000000000000e+02 -1.154626384377479553e-01 0.000000000000000000e+00 1.333333282470703125e+02 -5.479480326175689697e-02 4.000000000000000000e+00 1.383333282470703125e+02 -1.685469895601272583e-01 4.000000000000000000e+00 0.000000000000000000e+00 0.000000000000000000e+00 8.000000119209289551e-01 1.701580047607421875e+00 4.099999904632568359e+00
1.900000000000000000e+01 1.430000000000000000e+02 -2.870584428310394287e-01 0.000000000000000000e+00 1.406666717529296875e+02 -2.286177873611450195e-01 4.000000000000000000e+00 1.456666717529296875e+02 -3.538477420806884766e-01 4.000000000000000000e+00 0.000000000000000000e+00 0.000000000000000000e+00 8.000000119209289551e-01 1.701580047607421875e+00 4.099999904632568359e+00
2.000000000000000000e+01 1.510000000000000000e+02 -4.831679463386535645e-01 0.000000000000000000e+00 1.483333282470703125e+02 -4.185078442096710205e-01 1.000000000000000000e+00 1.533333282470703125e+02 -4.779540300369262695e-01 1.000000000000000000e+00 0.000000000000000000e+00 0.000000000000000000e+00 8.000000119209289551e-01 1.701580047607421875e+00 4.099999904632568359e+00
2.100000000000000000e+01 1.580000000000000000e+02 -4.375858604907989502e-01 0.000000000000000000e+00 1.556666717529296875e+02 -4.727401137351989746e-01 4.000000000000000000e+00 1.606666717529296875e+02 -3.974095582962036133e-01 4.000000000000000000e+00 0.000000000000000000e+00 0.000000000000000000e+00 8.000000119209289551e-01 1.701580047607421875e+00 4.099999904632568359e+00
2.200000000000000000e+01 1.660000000000000000e+02 -1.989779472351074219e-01 0.000000000000000000e+00 1.633333282470703125e+02 -3.181275129318237305e-01 4.000000000000000000e+00 1.683333282470703125e+02 -9.472206979990005493e-02 4.000000000000000000e+00 0.000000000000000000e+00 0.000000000000000000e+00 8.000000119209289551e-01 1.701580047607421875e+00 4.099999904632568359e+00
2.300000000000000000e+01 1.730000000000000000e+02 1.246039420366287231e-01 0.000000000000000000e+00 1.706666717529296875e+02 4.005739092826843262e-02 4.000000000000000000e+00 1.756666717529296875e+02 2.212285697460174561e-01 4.000000000000000000e+00 0.000000000000000000e+00 0.000000000000000000e+00 8.000000119209289551e-01 1.701580047607421875e+00 4.099999904632568359e+00
