# pose.bones['IK-MSTR-Foot.R'].rotation_euler X
# 
0.000000000000000000e+00 1.000000000000000000e+00 6.073817014694213867e-01 0.000000000000000000e+00 -1.666666746139526367e+00 6.073817014694213867e-01 4.000000000000000000e+00 3.333333253860473633e+00 6.073817014694213867e-01 4.000000000000000000e+00 0.000000000000000000e+00 0.000000000000000000e+00 8.000000119209289551e-01 1.701580047607421875e+00 4.099999904632568359e+00
1.000000000000000000e+00 8.000000000000000000e+00 0.000000000000000000e+00 0.000000000000000000e+00 5.666666984558105469e+00 0.000000000000000000e+00 4.000000000000000000e+00 1.066666698455810547e+01 0.000000000000000000e+00 4.000000000000000000e+00 0.000000000000000000e+00 0.000000000000000000e+00 8.000000119209289551e-01 1.701580047607421875e+00 4.099999904632568359e+00
2.000000000000000000e+00 1.600000000000000000e+01 0.000000000000000000e+00 0.000000000000000000e+00 1.333333301544189453e+01 0.000000000000000000e+00 4.000000000000000000e+00 1.833333396911621094e+01 0.000000000000000000e+00 4.000000000000000000e+00 0.000000000000000000e+00 0.000000000000000000e+00 8.000000119209289551e-01 1.701580047607421875e+00 4.099999904632568359e+00
3.000000000000000000e+00 2.300000000000000000e+01 -1.247718036174774170e-01 0.000000000000000000e+00 2.066666603088378906e+01 -4.662977159023284912e-02 4.000000000000000000e+00 2.566666603088378906e+01 -2.140769958496093750e-01 4.000000000000000000e+00 0.000000000000000000e+00 0.000000000000000000e+00 8.000000119209289551e-01 1.701580047607421875e+00 4.099999904632568359e+00
4.000000000000000000e+00 3.100000000000000000e+01 -7.180648446083068848e-01 0.000000000000000000e+00 2.833333396911621094e+01 -3.445409536361694336e-01 4.000000000000000000e+00 3.333333206176757812e+01 -1.044898271560668945e+00 4.000000000000000000e+00 0.000000000000000000e+00 0.000000000000000000e+00 8.000000119209289551e-01 1.701580047607421875e+00 4.099999904632568359e+00
5.000000000000000000e+00 3.800000000000000000e+01 -1.557824492454528809e+00 0.000000000000000000e+00 3.566666793823242188e+01 -1.557824492454528809e+00 4.000000000000000000e+00 4.066666793823242188e+01 -1.557824492454528809e+00 4.000000000000000000e+00 0.000000000000000000e+00 0.000000000000000000e+00 8.000000119209289551e-01 1.701580047607421875e+00 4.099999904632568359e+00
6.000000000000000000e+00 4.600000000000000000e+01 -1.185261726379394531e+00 0.000000000000000000e+00 4.333333206176757812e+01 -1.542891860008239746e+00 4.000000000000000000e+00 4.833333206176757812e+01 -8.723353743553161621e-01 4.000000000000000000e+00 0.000000000000000000e+00 0.000000000000000000e+00 8.000000119209289551e-01 1.701580047607421875e+00 4.099999904632568359e+00
7.000000000000000000e+00 5.300000000000000000e+01 6.357169151306152344e-02 0.000000000000000000e+00 5.066666793823242188e+01 -2.970314919948577881e-01 4.000000000000000000e+00 5.566666793823242188e+01 4.756896197795867920e-01 4.000000000000000000e+00 0.000000000000000000e+00 0.000000000000000000e+00 8.000000119209289551e-01 1.701580047607421875e+00 4.099999904632568359e+00
8.000000000000000000e+00 6.100000000000000000e+01 6.073817014694213867e-01 0.000000000000000000e+00 5.833333206176757812e+01 6.073817014694213867e-01 4.000000000000000000e+00 6.333333206176757812e+01 6.073817014694213867e-01 4.000000000000000000e+00 0.000000000000000000e+00 0.000000000000000000e+00 8.000000119209289551e-01 1.701580047607421875e+00 4.099999904632568359e+00
9.000000000000000000e+00 6.800000000000000000e+01 0.000000000000000000e+00 0.000000000000000000e+00 6.566666412353515625e+01 0.000000000000000000e+00 4.000000000000000000e+00 7.066666412353515625e+01 0.000000000000000000e+00 4.000000000000000000e+00 0.000000000000000000e+00 0.000000000000000000e+00 8.000000119209289551e-01 1.701580047607421875e+00 4.099999904632568359e+00
1.000000000000000000e+01 7.600000000000000000e+01 0.000000000000000000e+00 0.000000000000000000e+00 7.333333587646484375e+01 0.000000000000000000e+00 4.000000000000000000e+00 7.833333587646484375e+01 0.000000000000000000e+00 4.000000000000000000e+00 0.000000000000000000e+00 0.000000000000000000e+00 8.000000119209289551e-01 1.701580047607421875e+00 4.099999904632568359e+00
1.100000000000000000e+01 8.300000000000000000e+01 -1.247718036174774170e-01 0.000000000000000000e+00 8.066666412353515625e+01 -4.662978649139404297e-02 4.000000000000000000e+00 8.566666412353515625e+01 -2.140769660472869873e-01 4.000000000000000000e+00 0.000000000000000000e+00 0.000000000000000000e+00 8.000000119209289551e-01 1.701580047607421875e+00 4.099999904632568359e+00
1.200000000000000000e+01 9.100000000000000000e+01 -7.180648446083068848e-01 0.000000000000000000e+00 8.833333587646484375e+01 -3.445408344268798828e-01 4.000000000000000000e+00 9.333333587646484375e+01 -1.044898390769958496e+00 4.000000000000000000e+00 0.000000000000000000e+00 0.000000000000000000e+00 8.000000119209289551e-01 1.701580047607421875e+00 4.099999904632568359e+00
1.300000000000000000e+01 9.800000000000000000e+01 -1.557824492454528809e+00 0.000000000000000000e+00 9.566666412353515625e+01 -1.557824492454528809e+00 4.000000000000000000e+00 1.006666641235351562e+02 -1.557824492454528809e+00 4.000000000000000000e+00 0.000000000000000000e+00 0.000000000000000000e+00 8.000000119209289551e-01 1.701580047607421875e+00 4.099999904632568359e+00
1.400000000000000000e+01 1.060000000000000000e+02 -1.185261726379394531e+00 0.000000000000000000e+00 1.033333358764648438e+02 -1.542891740798950195e+00 4.000000000000000000e+00 1.083333358764648438e+02 -8.723354339599609375e-01 4.000000000000000000e+00 0.000000000000000000e+00 0.000000000000000000e+00 8.000000119209289551e-01 1.701580047607421875e+00 4.099999904632568359e+00
1.500000000000000000e+01 1.130000000000000000e+02 6.357169151306152344e-02 0.000000000000000000e+00 1.106666641235351562e+02 -2.970314025878906250e-01 4.000000000000000000e+00 1.156666641235351562e+02 4.756895303726196289e-01 4.000000000000000000e+00 0.000000000000000000e+00 0.000000000000000000e+00 8.000000119209289551e-01 1.701580047607421875e+00 4.099999904632568359e+00
1.600000000000000000e+01 1.210000000000000000e+02 6.073817014694213867e-01 0.000000000000000000e+00 1.183333358764648438e+02 6.073817014694213867e-01 4.000000000000000000e+00 1.233333358764648438e+02 6.073817014694213867e-01 4.000000000000000000e+00 0.000000000000000000e+00 0.000000000000000000e+00 8.000000119209289551e-01 1.701580047607421875e+00 4.099999904632568359e+00
1.700000000000000000e+01 1.280000000000000000e+02 0.000000000000000000e+00 0.000000000000000000e+00 1.256666641235351562e+02 0.000000000000000000e+00 4.000000000000000000e+00 1.306666717529296875e+02 0.000000000000000000e+00 4.000000000000000000e+00 0.000000000000000000e+00 0.000000000000000000e+00 8.000000119209289551e-01 1.701580047607421875e+00 4.099999904632568359e+00
1.800000000000000000e+01 1.360000000000000000e+02 0.000000000000000000e+00 0.000000000000000000e+00 1.333333282470703125e+02 0.000000000000000000e+00 4.000000000000000000e+00 1.383333282470703125e+02 0.000000000000000000e+00 4.000000000000000000e+00 0.000000000000000000e+00 0.000000000000000000e+00 8.000000119209289551e-01 1.701580047607421875e+00 4.099999904632568359e+00
1.900000000000000000e+01 1.430000000000000000e+02 -1.247718036174774170e-01 0.000000000000000000e+00 1.406666717529296875e+02 -4.662978649139404297e-02 4.000000000000000000e+00 1.456666717529296875e+02 -2.140769660472869873e-01 4.000000000000000000e+00 0.000000000000000000e+00 0.000000000000000000e+00 8.000000119209289551e-01 1.701580047607421875e+00 4.099999904632568359e+00
2.000000000000000000e+01 1.510000000000000000e+02 -7.180648446083068848e-01 0.000000000000000000e+00 1.483333282470703125e+02 -3.445411324501037598e-01 4.000000000000000000e+00 1.533333282470703125e+02 -1.044898033142089844e+00 4.000000000000000000e+00 0.000000000000000000e+00 0.000000000000000000e+00 8.000000119209289551e-01 1.701580047607421875e+00 4.099999904632568359e+00
2.100000000000000000e+01 1.580000000000000000e+02 -1.557824492454528809e+00 0.000000000000000000e+00 1.556666717529296875e+02 -1.557824492454528809e+00 4.000000000000000000e+00 1.606666717529296875e+02 -1.557824492454528809e+00 4.000000000000000000e+00 0.000000000000000000e+00 0.000000000000000000e+00 8.000000119209289551e-01 1.701580047607421875e+00 4.099999904632568359e+00
2.200000000000000000e+01 1.660000000000000000e+02 -1.185261726379394531e+00 0.000000000000000000e+00 1.633333282470703125e+02 -1.542891979217529297e+00 4.000000000000000000e+00 1.683333282470703125e+02 -8.723353147506713867e-01 4.000000000000000000e+00 0.000000000000000000e+00 0.000000000000000000e+00 8.000000119209289551e-01 1.701580047607421875e+00 4.099999904632568359e+00
2.300000000000000000e+01 1.730000000000000000e+02 6.357169151306152344e-02 0.000000000000000000e+00 1.706666717529296875e+02 -2.970315814018249512e-01 4.000000000000000000e+00 1.756666717529296875e+02 4.756897389888763428e-01 4.000000000000000000e+00 0.000000000000000000e+00 0.000000000000000000e+00 8.000000119209289551e-01 1.701580047607421875e+00 4.099999904632568359e+00
