# pose.bones['MSTR-Spine_Torso'].location X
# 
0.000000000000000000e+00 1.000000000000000000e+00 0.000000000000000000e+00 0.000000000000000000e+00 -1.666666746139526367e+00 7.932768203318119049e-03 4.000000000000000000e+00 3.333333253860473633e+00 -6.941171828657388687e-03 4.000000000000000000e+00 0.000000000000000000e+00 0.000000000000000000e+00 8.000000119209289551e-01 1.701580047607421875e+00 4.099999904632568359e+00
1.000000000000000000e+00 8.000000000000000000e+00 -1.716875098645687103e-02 0.000000000000000000e+00 5.666666984558105469e+00 -1.253064908087253571e-02 4.000000000000000000e+00 1.066666698455810547e+01 -2.246943861246109009e-02 4.000000000000000000e+00 0.000000000000000000e+00 0.000000000000000000e+00 8.000000119209289551e-01 1.701580047607421875e+00 4.099999904632568359e+00
2.000000000000000000e+00 1.600000000000000000e+01 -2.652751281857490540e-02 0.000000000000000000e+00 1.333333301544189453e+01 -2.652751281857490540e-02 4.000000000000000000e+00 1.833333396911621094e+01 -2.652751281857490540e-02 4.000000000000000000e+00 0.000000000000000000e+00 0.000000000000000000e+00 8.000000119209289551e-01 1.701580047607421875e+00 4.099999904632568359e+00
3.000000000000000000e+00 2.300000000000000000e+01 -1.916389912366867065e-02 0.000000000000000000e+00 2.066666603088378906e+01 -2.361024357378482819e-02 4.000000000000000000e+00 2.566666603088378906e+01 -1.408236194401979446e-02 4.000000000000000000e+00 0.000000000000000000e+00 0.000000000000000000e+00 8.000000119209289551e-01 1.701580047607421875e+00 4.099999904632568359e+00
4.000000000000000000e+00 3.100000000000000000e+01 0.000000000000000000e+00 0.000000000000000000e+00 2.833333396911621094e+01 -7.003669161349534988e-03 4.000000000000000000e+00 3.333333206176757812e+01 6.128210574388504028e-03 4.000000000000000000e+00 0.000000000000000000e+00 0.000000000000000000e+00 8.000000119209289551e-01 1.701580047607421875e+00 4.099999904632568359e+00
5.000000000000000000e+00 3.800000000000000000e+01 1.693133264780044556e-02 0.000000000000000000e+00 3.566666793823242188e+01 1.219897996634244919e-02 4.000000000000000000e+00 4.066666793823242188e+01 2.233973518013954163e-02 4.000000000000000000e+00 0.000000000000000000e+00 0.000000000000000000e+00 8.000000119209289551e-01 1.701580047607421875e+00 4.099999904632568359e+00
6.000000000000000000e+00 4.600000000000000000e+01 2.600000053644180298e-02 0.000000000000000000e+00 4.333333206176757812e+01 2.600000053644180298e-02 4.000000000000000000e+00 4.833333206176757812e+01 2.600000053644180298e-02 4.000000000000000000e+00 0.000000000000000000e+00 0.000000000000000000e+00 8.000000119209289551e-01 1.701580047607421875e+00 4.099999904632568359e+00
7.000000000000000000e+00 5.300000000000000000e+01 1.763101294636726379e-02 0.000000000000000000e+00 5.066666793823242188e+01 2.210503444075584412e-02 4.000000000000000000e+00 5.566666793823242188e+01 1.251784525811672211e-02 4.000000000000000000e+00 0.000000000000000000e+00 0.000000000000000000e+00 8.000000119209289551e-01 1.701580047607421875e+00 4.099999904632568359e+00
8.000000000000000000e+00 6.100000000000000000e+01 0.000000000000000000e+00 0.000000000000000000e+00 5.833333206176757812e+01 6.648360285907983780e-03 4.000000000000000000e+00 6.333333206176757812e+01 -5.817315075546503067e-03 4.000000000000000000e+00 0.000000000000000000e+00 0.000000000000000000e+00 8.000000119209289551e-01 1.701580047607421875e+00 4.099999904632568359e+00
9.000000000000000000e+00 6.800000000000000000e+01 -1.716875098645687103e-02 0.000000000000000000e+00 6.566666412353515625e+01 -1.223095506429672241e-02 4.000000000000000000e+00 7.066666412353515625e+01 -2.281194552779197693e-02 4.000000000000000000e+00 0.000000000000000000e+00 0.000000000000000000e+00 8.000000119209289551e-01 1.701580047607421875e+00 4.099999904632568359e+00
1.000000000000000000e+01 7.600000000000000000e+01 -2.652751281857490540e-02 0.000000000000000000e+00 7.333333587646484375e+01 -2.652751281857490540e-02 4.000000000000000000e+00 7.833333587646484375e+01 -2.652751281857490540e-02 4.000000000000000000e+00 0.000000000000000000e+00 0.000000000000000000e+00 8.000000119209289551e-01 1.701580047607421875e+00 4.099999904632568359e+00
1.100000000000000000e+01 8.300000000000000000e+01 -1.916389912366867065e-02 0.000000000000000000e+00 8.066666412353515625e+01 -2.361024543642997742e-02 4.000000000000000000e+00 8.566666412353515625e+01 -1.408236101269721985e-02 4.000000000000000000e+00 0.000000000000000000e+00 0.000000000000000000e+00 8.000000119209289551e-01 1.701580047607421875e+00 4.099999904632568359e+00
1.200000000000000000e+01 9.100000000000000000e+01 0.000000000000000000e+00 0.000000000000000000e+00 8.833333587646484375e+01 -7.003669161349534988e-03 4.000000000000000000e+00 9.333333587646484375e+01 6.128210574388504028e-03 4.000000000000000000e+00 0.000000000000000000e+00 0.000000000000000000e+00 8.000000119209289551e-01 1.701580047607421875e+00 4.099999904632568359e+00
1.300000000000000000e+01 9.800000000000000000e+01 1.693133264780044556e-02 0.000000000000000000e+00 9.566666412353515625e+01 1.219898089766502380e-02 4.000000000000000000e+00 1.006666641235351562e+02 2.233973518013954163e-02 4.000000000000000000e+00 0.000000000000000000e+00 0.000000000000000000e+00 8.000000119209289551e-01 1.701580047607421875e+00 4.099999904632568359e+00
1.400000000000000000e+01 1.060000000000000000e+02 2.600000053644180298e-02 0.000000000000000000e+00 1.033333358764648438e+02 2.600000053644180298e-02 4.000000000000000000e+00 1.083333358764648438e+02 2.600000053644180298e-02 4.000000000000000000e+00 0.000000000000000000e+00 0.000000000000000000e+00 8.000000119209289551e-01 1.701580047607421875e+00 4.099999904632568359e+00
1.500000000000000000e+01 1.130000000000000000e+02 1.763101294636726379e-02 0.000000000000000000e+00 1.106666641235351562e+02 2.210503630340099335e-02 4.000000000000000000e+00 1.156666641235351562e+02 1.251784339547157288e-02 4.000000000000000000e+00 0.000000000000000000e+00 0.000000000000000000e+00 8.000000119209289551e-01 1.701580047607421875e+00 4.099999904632568359e+00
1.600000000000000000e+01 1.210000000000000000e+02 0.000000000000000000e+00 0.000000000000000000e+00 1.183333358764648438e+02 6.648357957601547241e-03 4.000000000000000000e+00 1.233333358764648438e+02 -5.817313212901353836e-03 4.000000000000000000e+00 0.000000000000000000e+00 0.000000000000000000e+00 8.000000119209289551e-01 1.701580047607421875e+00 4.099999904632568359e+00
1.700000000000000000e+01 1.280000000000000000e+02 -1.716875098645687103e-02 0.000000000000000000e+00 1.256666641235351562e+02 -1.223095133900642395e-02 4.000000000000000000e+00 1.306666717529296875e+02 -2.281195111572742462e-02 4.000000000000000000e+00 0.000000000000000000e+00 0.000000000000000000e+00 8.000000119209289551e-01 1.701580047607421875e+00 4.099999904632568359e+00
1.800000000000000000e+01 1.360000000000000000e+02 -2.652751281857490540e-02 0.000000000000000000e+00 1.333333282470703125e+02 -2.652751281857490540e-02 4.000000000000000000e+00 1.383333282470703125e+02 -2.652751281857490540e-02 4.000000000000000000e+00 0.000000000000000000e+00 0.000000000000000000e+00 8.000000119209289551e-01 1.701580047607421875e+00 4.099999904632568359e+00
1.900000000000000000e+01 1.430000000000000000e+02 -1.916389912366867065e-02 0.000000000000000000e+00 1.406666717529296875e+02 -2.361024171113967896e-02 4.000000000000000000e+00 1.456666717529296875e+02 -1.408236566931009293e-02 4.000000000000000000e+00 0.000000000000000000e+00 0.000000000000000000e+00 8.000000119209289551e-01 1.701580047607421875e+00 4.099999904632568359e+00
2.000000000000000000e+01 1.510000000000000000e+02 0.000000000000000000e+00 0.000000000000000000e+00 1.483333282470703125e+02 -7.003669627010822296e-03 4.000000000000000000e+00 1.533333282470703125e+02 6.128211040049791336e-03 4.000000000000000000e+00 0.000000000000000000e+00 0.000000000000000000e+00 8.000000119209289551e-01 1.701580047607421875e+00 4.099999904632568359e+00
2.100000000000000000e+01 1.580000000000000000e+02 1.693133264780044556e-02 0.000000000000000000e+00 1.556666717529296875e+02 1.219897903501987457e-02 4.000000000000000000e+00 1.606666717529296875e+02 2.233973704278469086e-02 4.000000000000000000e+00 0.000000000000000000e+00 0.000000000000000000e+00 8.000000119209289551e-01 1.701580047607421875e+00 4.099999904632568359e+00
2.200000000000000000e+01 1.660000000000000000e+02 2.600000053644180298e-02 0.000000000000000000e+00 1.633333282470703125e+02 2.600000053644180298e-02 4.000000000000000000e+00 1.683333282470703125e+02 2.600000053644180298e-02 4.000000000000000000e+00 0.000000000000000000e+00 0.000000000000000000e+00 8.000000119209289551e-01 1.701580047607421875e+00 4.099999904632568359e+00
2.300000000000000000e+01 1.730000000000000000e+02 1.763101294636726379e-02 0.000000000000000000e+00 1.706666717529296875e+02 2.178010158240795135e-02 4.000000000000000000e+00 1.756666717529296875e+02 1.288919709622859955e-02 4.000000000000000000e+00 0.000000000000000000e+00 0.000000000000000000e+00 8.000000119209289551e-01 1.701580047607421875e+00 4.099999904632568359e+00
