# Oflow angle - mean 2
# 
0.000000000000000000e+00 2.360000000000000000e+02 6.828948211669921875e+01 0.000000000000000000e+00 0.000000000000000000e+00 0.000000000000000000e+00 3.000000000000000000e+00 0.000000000000000000e+00 0.000000000000000000e+00 3.000000000000000000e+00 2.000000000000000000e+00 0.000000000000000000e+00 0.000000000000000000e+00 0.000000000000000000e+00 0.000000000000000000e+00
1.000000000000000000e+00 2.370000000000000000e+02 -3.570451354980468750e+01 0.000000000000000000e+00 0.000000000000000000e+00 0.000000000000000000e+00 3.000000000000000000e+00 0.000000000000000000e+00 0.000000000000000000e+00 3.000000000000000000e+00 2.000000000000000000e+00 0.000000000000000000e+00 0.000000000000000000e+00 0.000000000000000000e+00 0.000000000000000000e+00
2.000000000000000000e+00 2.380000000000000000e+02 -9.917030334472656250e+01 0.000000000000000000e+00 0.000000000000000000e+00 0.000000000000000000e+00 3.000000000000000000e+00 0.000000000000000000e+00 0.000000000000000000e+00 3.000000000000000000e+00 2.000000000000000000e+00 0.000000000000000000e+00 0.000000000000000000e+00 0.000000000000000000e+00 0.000000000000000000e+00
3.000000000000000000e+00 2.390000000000000000e+02 -8.726514434814453125e+01 0.000000000000000000e+00 0.000000000000000000e+00 0.000000000000000000e+00 3.000000000000000000e+00 0.000000000000000000e+00 0.000000000000000000e+00 3.000000000000000000e+00 2.000000000000000000e+00 0.000000000000000000e+00 0.000000000000000000e+00 0.000000000000000000e+00 0.000000000000000000e+00
4.000000000000000000e+00 2.400000000000000000e+02 -8.139559173583984375e+01 0.000000000000000000e+00 0.000000000000000000e+00 0.000000000000000000e+00 3.000000000000000000e+00 0.000000000000000000e+00 0.000000000000000000e+00 3.000000000000000000e+00 2.000000000000000000e+00 0.000000000000000000e+00 0.000000000000000000e+00 0.000000000000000000e+00 0.000000000000000000e+00
5.000000000000000000e+00 2.410000000000000000e+02 -8.204489135742187500e+01 0.000000000000000000e+00 0.000000000000000000e+00 0.000000000000000000e+00 3.000000000000000000e+00 0.000000000000000000e+00 0.000000000000000000e+00 3.000000000000000000e+00 2.000000000000000000e+00 0.000000000000000000e+00 0.000000000000000000e+00 0.000000000000000000e+00 0.000000000000000000e+00
6.000000000000000000e+00 2.420000000000000000e+02 -8.352359008789062500e+01 0.000000000000000000e+00 0.000000000000000000e+00 0.000000000000000000e+00 3.000000000000000000e+00 0.000000000000000000e+00 0.000000000000000000e+00 3.000000000000000000e+00 2.000000000000000000e+00 0.000000000000000000e+00 0.000000000000000000e+00 0.000000000000000000e+00 0.000000000000000000e+00
7.000000000000000000e+00 2.430000000000000000e+02 -8.697602081298828125e+01 0.000000000000000000e+00 0.000000000000000000e+00 0.000000000000000000e+00 3.000000000000000000e+00 0.000000000000000000e+00 0.000000000000000000e+00 3.000000000000000000e+00 2.000000000000000000e+00 0.000000000000000000e+00 0.000000000000000000e+00 0.000000000000000000e+00 0.000000000000000000e+00
8.000000000000000000e+00 2.440000000000000000e+02 -8.601080322265625000e+01 0.000000000000000000e+00 0.000000000000000000e+00 0.000000000000000000e+00 3.000000000000000000e+00 0.000000000000000000e+00 0.000000000000000000e+00 3.000000000000000000e+00 2.000000000000000000e+00 0.000000000000000000e+00 0.000000000000000000e+00 0.000000000000000000e+00 0.000000000000000000e+00
9.000000000000000000e+00 2.450000000000000000e+02 -8.217334747314453125e+01 0.000000000000000000e+00 0.000000000000000000e+00 0.000000000000000000e+00 3.000000000000000000e+00 0.000000000000000000e+00 0.000000000000000000e+00 3.000000000000000000e+00 2.000000000000000000e+00 0.000000000000000000e+00 0.000000000000000000e+00 0.000000000000000000e+00 0.000000000000000000e+00
1.000000000000000000e+01 2.460000000000000000e+02 -7.537570190429687500e+01 0.000000000000000000e+00 0.000000000000000000e+00 0.000000000000000000e+00 3.000000000000000000e+00 0.000000000000000000e+00 0.000000000000000000e+00 3.000000000000000000e+00 2.000000000000000000e+00 0.000000000000000000e+00 0.000000000000000000e+00 0.000000000000000000e+00 0.000000000000000000e+00
1.100000000000000000e+01 2.470000000000000000e+02 -6.270737838745117188e+01 0.000000000000000000e+00 0.000000000000000000e+00 0.000000000000000000e+00 3.000000000000000000e+00 0.000000000000000000e+00 0.000000000000000000e+00 3.000000000000000000e+00 2.000000000000000000e+00 0.000000000000000000e+00 0.000000000000000000e+00 0.000000000000000000e+00 0.000000000000000000e+00
1.200000000000000000e+01 2.480000000000000000e+02 -4.347319793701171875e+01 0.000000000000000000e+00 0.000000000000000000e+00 0.000000000000000000e+00 3.000000000000000000e+00 0.000000000000000000e+00 0.000000000000000000e+00 3.000000000000000000e+00 2.000000000000000000e+00 0.000000000000000000e+00 0.000000000000000000e+00 0.000000000000000000e+00 0.000000000000000000e+00
1.300000000000000000e+01 2.490000000000000000e+02 -2.394978523254394531e+01 0.000000000000000000e+00 0.000000000000000000e+00 0.000000000000000000e+00 3.000000000000000000e+00 0.000000000000000000e+00 0.000000000000000000e+00 3.000000000000000000e+00 2.000000000000000000e+00 0.000000000000000000e+00 0.000000000000000000e+00 0.000000000000000000e+00 0.000000000000000000e+00
1.400000000000000000e+01 2.500000000000000000e+02 -1.114869213104248047e+01 0.000000000000000000e+00 0.000000000000000000e+00 0.000000000000000000e+00 3.000000000000000000e+00 0.000000000000000000e+00 0.000000000000000000e+00 3.000000000000000000e+00 2.000000000000000000e+00 0.000000000000000000e+00 0.000000000000000000e+00 0.000000000000000000e+00 0.000000000000000000e+00
1.500000000000000000e+01 2.510000000000000000e+02 6.231267452239990234e+00 0.000000000000000000e+00 0.000000000000000000e+00 0.000000000000000000e+00 3.000000000000000000e+00 0.000000000000000000e+00 0.000000000000000000e+00 3.000000000000000000e+00 2.000000000000000000e+00 0.000000000000000000e+00 0.000000000000000000e+00 0.000000000000000000e+00 0.000000000000000000e+00
1.600000000000000000e+01 2.520000000000000000e+02 4.236566162109375000e+01 0.000000000000000000e+00 0.000000000000000000e+00 0.000000000000000000e+00 3.000000000000000000e+00 0.000000000000000000e+00 0.000000000000000000e+00 3.000000000000000000e+00 2.000000000000000000e+00 0.000000000000000000e+00 0.000000000000000000e+00 0.000000000000000000e+00 0.000000000000000000e+00
1.700000000000000000e+01 2.530000000000000000e+02 7.975868225097656250e+01 0.000000000000000000e+00 0.000000000000000000e+00 0.000000000000000000e+00 3.000000000000000000e+00 0.000000000000000000e+00 0.000000000000000000e+00 3.000000000000000000e+00 2.000000000000000000e+00 0.000000000000000000e+00 0.000000000000000000e+00 0.000000000000000000e+00 0.000000000000000000e+00
1.800000000000000000e+01 2.540000000000000000e+02 1.022419662475585938e+02 0.000000000000000000e+00 0.000000000000000000e+00 0.000000000000000000e+00 3.000000000000000000e+00 0.000000000000000000e+00 0.000000000000000000e+00 3.000000000000000000e+00 2.000000000000000000e+00 0.000000000000000000e+00 0.000000000000000000e+00 0.000000000000000000e+00 0.000000000000000000e+00
1.900000000000000000e+01 2.550000000000000000e+02 1.083376922607421875e+02 0.000000000000000000e+00 0.000000000000000000e+00 0.000000000000000000e+00 3.000000000000000000e+00 0.000000000000000000e+00 0.000000000000000000e+00 3.000000000000000000e+00 2.000000000000000000e+00 0.000000000000000000e+00 0.000000000000000000e+00 0.000000000000000000e+00 0.000000000000000000e+00
2.000000000000000000e+01 2.560000000000000000e+02 1.173069076538085938e+02 0.000000000000000000e+00 0.000000000000000000e+00 0.000000000000000000e+00 3.000000000000000000e+00 0.000000000000000000e+00 0.000000000000000000e+00 3.000000000000000000e+00 2.000000000000000000e+00 0.000000000000000000e+00 0.000000000000000000e+00 0.000000000000000000e+00 0.000000000000000000e+00
2.100000000000000000e+01 2.570000000000000000e+02 1.270400772094726562e+02 0.000000000000000000e+00 0.000000000000000000e+00 0.000000000000000000e+00 3.000000000000000000e+00 0.000000000000000000e+00 0.000000000000000000e+00 3.000000000000000000e+00 2.000000000000000000e+00 0.000000000000000000e+00 0.000000000000000000e+00 0.000000000000000000e+00 0.000000000000000000e+00
2.200000000000000000e+01 2.580000000000000000e+02 1.325277252197265625e+02 0.000000000000000000e+00 0.000000000000000000e+00 0.000000000000000000e+00 3.000000000000000000e+00 0.000000000000000000e+00 0.000000000000000000e+00 3.000000000000000000e+00 2.000000000000000000e+00 0.000000000000000000e+00 0.000000000000000000e+00 0.000000000000000000e+00 0.000000000000000000e+00
2.300000000000000000e+01 2.590000000000000000e+02 1.397444152832031250e+02 0.000000000000000000e+00 0.000000000000000000e+00 0.000000000000000000e+00 3.000000000000000000e+00 0.000000000000000000e+00 0.000000000000000000e+00 3.000000000000000000e+00 2.000000000000000000e+00 0.000000000000000000e+00 0.000000000000000000e+00 0.000000000000000000e+00 0.000000000000000000e+00
2.400000000000000000e+01 2.600000000000000000e+02 1.322047576904296875e+02 0.000000000000000000e+00 0.000000000000000000e+00 0.000000000000000000e+00 3.000000000000000000e+00 0.000000000000000000e+00 0.000000000000000000e+00 3.000000000000000000e+00 2.000000000000000000e+00 0.000000000000000000e+00 0.000000000000000000e+00 0.000000000000000000e+00 0.000000000000000000e+00
2.500000000000000000e+01 2.610000000000000000e+02 1.301705169677734375e+02 0.000000000000000000e+00 0.000000000000000000e+00 0.000000000000000000e+00 3.000000000000000000e+00 0.000000000000000000e+00 0.000000000000000000e+00 3.000000000000000000e+00 2.000000000000000000e+00 0.000000000000000000e+00 0.000000000000000000e+00 0.000000000000000000e+00 0.000000000000000000e+00
2.600000000000000000e+01 2.620000000000000000e+02 1.184920043945312500e+02 0.000000000000000000e+00 0.000000000000000000e+00 0.000000000000000000e+00 3.000000000000000000e+00 0.000000000000000000e+00 0.000000000000000000e+00 3.000000000000000000e+00 2.000000000000000000e+00 0.000000000000000000e+00 0.000000000000000000e+00 0.000000000000000000e+00 0.000000000000000000e+00
2.700000000000000000e+01 2.630000000000000000e+02 1.069532241821289062e+02 0.000000000000000000e+00 0.000000000000000000e+00 0.000000000000000000e+00 3.000000000000000000e+00 0.000000000000000000e+00 0.000000000000000000e+00 3.000000000000000000e+00 2.000000000000000000e+00 0.000000000000000000e+00 0.000000000000000000e+00 0.000000000000000000e+00 0.000000000000000000e+00
2.800000000000000000e+01 2.640000000000000000e+02 8.885398101806640625e+01 0.000000000000000000e+00 0.000000000000000000e+00 0.000000000000000000e+00 3.000000000000000000e+00 0.000000000000000000e+00 0.000000000000000000e+00 3.000000000000000000e+00 2.000000000000000000e+00 0.000000000000000000e+00 0.000000000000000000e+00 0.000000000000000000e+00 0.000000000000000000e+00
2.900000000000000000e+01 2.650000000000000000e+02 1.000012664794921875e+02 0.000000000000000000e+00 0.000000000000000000e+00 0.000000000000000000e+00 3.000000000000000000e+00 0.000000000000000000e+00 0.000000000000000000e+00 3.000000000000000000e+00 2.000000000000000000e+00 0.000000000000000000e+00 0.000000000000000000e+00 0.000000000000000000e+00 0.000000000000000000e+00
3.000000000000000000e+01 2.660000000000000000e+02 7.873713684082031250e+01 0.000000000000000000e+00 0.000000000000000000e+00 0.000000000000000000e+00 3.000000000000000000e+00 0.000000000000000000e+00 0.000000000000000000e+00 3.000000000000000000e+00 2.000000000000000000e+00 0.000000000000000000e+00 0.000000000000000000e+00 0.000000000000000000e+00 0.000000000000000000e+00
3.100000000000000000e+01 2.670000000000000000e+02 -7.033308029174804688e+00 0.000000000000000000e+00 0.000000000000000000e+00 0.000000000000000000e+00 3.000000000000000000e+00 0.000000000000000000e+00 0.000000000000000000e+00 3.000000000000000000e+00 2.000000000000000000e+00 0.000000000000000000e+00 0.000000000000000000e+00 0.000000000000000000e+00 0.000000000000000000e+00
3.200000000000000000e+01 2.680000000000000000e+02 2.304348373413085938e+01 0.000000000000000000e+00 0.000000000000000000e+00 0.000000000000000000e+00 3.000000000000000000e+00 0.000000000000000000e+00 0.000000000000000000e+00 3.000000000000000000e+00 2.000000000000000000e+00 0.000000000000000000e+00 0.000000000000000000e+00 0.000000000000000000e+00 0.000000000000000000e+00
3.300000000000000000e+01 2.690000000000000000e+02 4.514034271240234375e+01 0.000000000000000000e+00 0.000000000000000000e+00 0.000000000000000000e+00 3.000000000000000000e+00 0.000000000000000000e+00 0.000000000000000000e+00 3.000000000000000000e+00 2.000000000000000000e+00 0.000000000000000000e+00 0.000000000000000000e+00 0.000000000000000000e+00 0.000000000000000000e+00
3.400000000000000000e+01 2.700000000000000000e+02 4.346731567382812500e+01 0.000000000000000000e+00 0.000000000000000000e+00 0.000000000000000000e+00 3.000000000000000000e+00 0.000000000000000000e+00 0.000000000000000000e+00 3.000000000000000000e+00 2.000000000000000000e+00 0.000000000000000000e+00 0.000000000000000000e+00 0.000000000000000000e+00 0.000000000000000000e+00
3.500000000000000000e+01 2.710000000000000000e+02 -1.055296039581298828e+01 0.000000000000000000e+00 0.000000000000000000e+00 0.000000000000000000e+00 3.000000000000000000e+00 0.000000000000000000e+00 0.000000000000000000e+00 3.000000000000000000e+00 2.000000000000000000e+00 0.000000000000000000e+00 0.000000000000000000e+00 0.000000000000000000e+00 0.000000000000000000e+00
3.600000000000000000e+01 2.720000000000000000e+02 -1.659011650085449219e+01 0.000000000000000000e+00 0.000000000000000000e+00 0.000000000000000000e+00 3.000000000000000000e+00 0.000000000000000000e+00 0.000000000000000000e+00 3.000000000000000000e+00 2.000000000000000000e+00 0.000000000000000000e+00 0.000000000000000000e+00 0.000000000000000000e+00 0.000000000000000000e+00
3.700000000000000000e+01 2.730000000000000000e+02 -1.818749237060546875e+01 0.000000000000000000e+00 0.000000000000000000e+00 0.000000000000000000e+00 3.000000000000000000e+00 0.000000000000000000e+00 0.000000000000000000e+00 3.000000000000000000e+00 2.000000000000000000e+00 0.000000000000000000e+00 0.000000000000000000e+00 0.000000000000000000e+00 0.000000000000000000e+00
3.800000000000000000e+01 2.740000000000000000e+02 -1.588788986206054688e+01 0.000000000000000000e+00 0.000000000000000000e+00 0.000000000000000000e+00 3.000000000000000000e+00 0.000000000000000000e+00 0.000000000000000000e+00 3.000000000000000000e+00 2.000000000000000000e+00 0.000000000000000000e+00 0.000000000000000000e+00 0.000000000000000000e+00 0.000000000000000000e+00
3.900000000000000000e+01 2.750000000000000000e+02 -2.798759078979492188e+01 0.000000000000000000e+00 0.000000000000000000e+00 0.000000000000000000e+00 3.000000000000000000e+00 0.000000000000000000e+00 0.000000000000000000e+00 3.000000000000000000e+00 2.000000000000000000e+00 0.000000000000000000e+00 0.000000000000000000e+00 0.000000000000000000e+00 0.000000000000000000e+00
4.000000000000000000e+01 2.760000000000000000e+02 -3.371611404418945312e+01 0.000000000000000000e+00 0.000000000000000000e+00 0.000000000000000000e+00 3.000000000000000000e+00 0.000000000000000000e+00 0.000000000000000000e+00 3.000000000000000000e+00 2.000000000000000000e+00 0.000000000000000000e+00 0.000000000000000000e+00 0.000000000000000000e+00 0.000000000000000000e+00
4.100000000000000000e+01 2.770000000000000000e+02 -2.747284698486328125e+01 0.000000000000000000e+00 0.000000000000000000e+00 0.000000000000000000e+00 3.000000000000000000e+00 0.000000000000000000e+00 0.000000000000000000e+00 3.000000000000000000e+00 2.000000000000000000e+00 0.000000000000000000e+00 0.000000000000000000e+00 0.000000000000000000e+00 0.000000000000000000e+00
4.200000000000000000e+01 2.780000000000000000e+02 9.334757804870605469e+00 0.000000000000000000e+00 0.000000000000000000e+00 0.000000000000000000e+00 3.000000000000000000e+00 0.000000000000000000e+00 0.000000000000000000e+00 3.000000000000000000e+00 2.000000000000000000e+00 0.000000000000000000e+00 0.000000000000000000e+00 0.000000000000000000e+00 0.000000000000000000e+00
4.300000000000000000e+01 2.790000000000000000e+02 4.014052581787109375e+01 0.000000000000000000e+00 0.000000000000000000e+00 0.000000000000000000e+00 3.000000000000000000e+00 0.000000000000000000e+00 0.000000000000000000e+00 3.000000000000000000e+00 2.000000000000000000e+00 0.000000000000000000e+00 0.000000000000000000e+00 0.000000000000000000e+00 0.000000000000000000e+00
4.400000000000000000e+01 2.800000000000000000e+02 5.207928848266601562e+01 0.000000000000000000e+00 0.000000000000000000e+00 0.000000000000000000e+00 3.000000000000000000e+00 0.000000000000000000e+00 0.000000000000000000e+00 3.000000000000000000e+00 2.000000000000000000e+00 0.000000000000000000e+00 0.000000000000000000e+00 0.000000000000000000e+00 0.000000000000000000e+00
4.500000000000000000e+01 2.810000000000000000e+02 5.493612289428710938e+01 0.000000000000000000e+00 0.000000000000000000e+00 0.000000000000000000e+00 3.000000000000000000e+00 0.000000000000000000e+00 0.000000000000000000e+00 3.000000000000000000e+00 2.000000000000000000e+00 0.000000000000000000e+00 0.000000000000000000e+00 0.000000000000000000e+00 0.000000000000000000e+00
4.600000000000000000e+01 2.820000000000000000e+02 6.039850997924804688e+01 0.000000000000000000e+00 0.000000000000000000e+00 0.000000000000000000e+00 3.000000000000000000e+00 0.000000000000000000e+00 0.000000000000000000e+00 3.000000000000000000e+00 2.000000000000000000e+00 0.000000000000000000e+00 0.000000000000000000e+00 0.000000000000000000e+00 0.000000000000000000e+00
4.700000000000000000e+01 2.830000000000000000e+02 7.000833129882812500e+01 0.000000000000000000e+00 0.000000000000000000e+00 0.000000000000000000e+00 3.000000000000000000e+00 0.000000000000000000e+00 0.000000000000000000e+00 3.000000000000000000e+00 2.000000000000000000e+00 0.000000000000000000e+00 0.000000000000000000e+00 0.000000000000000000e+00 0.000000000000000000e+00
4.800000000000000000e+01 2.840000000000000000e+02 8.216577148437500000e+01 0.000000000000000000e+00 0.000000000000000000e+00 0.000000000000000000e+00 3.000000000000000000e+00 0.000000000000000000e+00 0.000000000000000000e+00 3.000000000000000000e+00 2.000000000000000000e+00 0.000000000000000000e+00 0.000000000000000000e+00 0.000000000000000000e+00 0.000000000000000000e+00
4.900000000000000000e+01 2.850000000000000000e+02 8.948181152343750000e+01 0.000000000000000000e+00 0.000000000000000000e+00 0.000000000000000000e+00 3.000000000000000000e+00 0.000000000000000000e+00 0.000000000000000000e+00 3.000000000000000000e+00 2.000000000000000000e+00 0.000000000000000000e+00 0.000000000000000000e+00 0.000000000000000000e+00 0.000000000000000000e+00
5.000000000000000000e+01 2.860000000000000000e+02 8.865998077392578125e+01 0.000000000000000000e+00 0.000000000000000000e+00 0.000000000000000000e+00 3.000000000000000000e+00 0.000000000000000000e+00 0.000000000000000000e+00 3.000000000000000000e+00 2.000000000000000000e+00 0.000000000000000000e+00 0.000000000000000000e+00 0.000000000000000000e+00 0.000000000000000000e+00
5.100000000000000000e+01 2.870000000000000000e+02 8.452204895019531250e+01 0.000000000000000000e+00 0.000000000000000000e+00 0.000000000000000000e+00 3.000000000000000000e+00 0.000000000000000000e+00 0.000000000000000000e+00 3.000000000000000000e+00 2.000000000000000000e+00 0.000000000000000000e+00 0.000000000000000000e+00 0.000000000000000000e+00 0.000000000000000000e+00
5.200000000000000000e+01 2.880000000000000000e+02 8.776906585693359375e+01 0.000000000000000000e+00 0.000000000000000000e+00 0.000000000000000000e+00 3.000000000000000000e+00 0.000000000000000000e+00 0.000000000000000000e+00 3.000000000000000000e+00 2.000000000000000000e+00 0.000000000000000000e+00 0.000000000000000000e+00 0.000000000000000000e+00 0.000000000000000000e+00
5.300000000000000000e+01 2.890000000000000000e+02 8.164367675781250000e+01 0.000000000000000000e+00 0.000000000000000000e+00 0.000000000000000000e+00 3.000000000000000000e+00 0.000000000000000000e+00 0.000000000000000000e+00 3.000000000000000000e+00 2.000000000000000000e+00 0.000000000000000000e+00 0.000000000000000000e+00 0.000000000000000000e+00 0.000000000000000000e+00
5.400000000000000000e+01 2.900000000000000000e+02 7.524495697021484375e+01 0.000000000000000000e+00 0.000000000000000000e+00 0.000000000000000000e+00 3.000000000000000000e+00 0.000000000000000000e+00 0.000000000000000000e+00 3.000000000000000000e+00 2.000000000000000000e+00 0.000000000000000000e+00 0.000000000000000000e+00 0.000000000000000000e+00 0.000000000000000000e+00
5.500000000000000000e+01 2.910000000000000000e+02 8.265056610107421875e+01 0.000000000000000000e+00 0.000000000000000000e+00 0.000000000000000000e+00 3.000000000000000000e+00 0.000000000000000000e+00 0.000000000000000000e+00 3.000000000000000000e+00 2.000000000000000000e+00 0.000000000000000000e+00 0.000000000000000000e+00 0.000000000000000000e+00 0.000000000000000000e+00
5.600000000000000000e+01 2.920000000000000000e+02 8.091208648681640625e+01 0.000000000000000000e+00 0.000000000000000000e+00 0.000000000000000000e+00 3.000000000000000000e+00 0.000000000000000000e+00 0.000000000000000000e+00 3.000000000000000000e+00 2.000000000000000000e+00 0.000000000000000000e+00 0.000000000000000000e+00 0.000000000000000000e+00 0.000000000000000000e+00
5.700000000000000000e+01 2.930000000000000000e+02 7.926737213134765625e+01 0.000000000000000000e+00 0.000000000000000000e+00 0.000000000000000000e+00 3.000000000000000000e+00 0.000000000000000000e+00 0.000000000000000000e+00 3.000000000000000000e+00 2.000000000000000000e+00 0.000000000000000000e+00 0.000000000000000000e+00 0.000000000000000000e+00 0.000000000000000000e+00
5.800000000000000000e+01 2.940000000000000000e+02 7.430036926269531250e+01 0.000000000000000000e+00 0.000000000000000000e+00 0.000000000000000000e+00 3.000000000000000000e+00 0.000000000000000000e+00 0.000000000000000000e+00 3.000000000000000000e+00 2.000000000000000000e+00 0.000000000000000000e+00 0.000000000000000000e+00 0.000000000000000000e+00 0.000000000000000000e+00
5.900000000000000000e+01 2.950000000000000000e+02 -1.052240905761718750e+02 0.000000000000000000e+00 0.000000000000000000e+00 0.000000000000000000e+00 3.000000000000000000e+00 0.000000000000000000e+00 0.000000000000000000e+00 3.000000000000000000e+00 2.000000000000000000e+00 0.000000000000000000e+00 0.000000000000000000e+00 0.000000000000000000e+00 0.000000000000000000e+00
6.000000000000000000e+01 2.960000000000000000e+02 -9.764347839355468750e+01 0.000000000000000000e+00 0.000000000000000000e+00 0.000000000000000000e+00 3.000000000000000000e+00 0.000000000000000000e+00 0.000000000000000000e+00 3.000000000000000000e+00 2.000000000000000000e+00 0.000000000000000000e+00 0.000000000000000000e+00 0.000000000000000000e+00 0.000000000000000000e+00
6.100000000000000000e+01 2.970000000000000000e+02 -9.124787902832031250e+01 0.000000000000000000e+00 0.000000000000000000e+00 0.000000000000000000e+00 3.000000000000000000e+00 0.000000000000000000e+00 0.000000000000000000e+00 3.000000000000000000e+00 2.000000000000000000e+00 0.000000000000000000e+00 0.000000000000000000e+00 0.000000000000000000e+00 0.000000000000000000e+00
6.200000000000000000e+01 2.980000000000000000e+02 -8.480924224853515625e+01 0.000000000000000000e+00 0.000000000000000000e+00 0.000000000000000000e+00 3.000000000000000000e+00 0.000000000000000000e+00 0.000000000000000000e+00 3.000000000000000000e+00 2.000000000000000000e+00 0.000000000000000000e+00 0.000000000000000000e+00 0.000000000000000000e+00 0.000000000000000000e+00
6.300000000000000000e+01 2.990000000000000000e+02 -8.809682464599609375e+01 0.000000000000000000e+00 0.000000000000000000e+00 0.000000000000000000e+00 3.000000000000000000e+00 0.000000000000000000e+00 0.000000000000000000e+00 3.000000000000000000e+00 2.000000000000000000e+00 0.000000000000000000e+00 0.000000000000000000e+00 0.000000000000000000e+00 0.000000000000000000e+00
6.400000000000000000e+01 3.000000000000000000e+02 -8.767677307128906250e+01 0.000000000000000000e+00 0.000000000000000000e+00 0.000000000000000000e+00 3.000000000000000000e+00 0.000000000000000000e+00 0.000000000000000000e+00 3.000000000000000000e+00 2.000000000000000000e+00 0.000000000000000000e+00 0.000000000000000000e+00 0.000000000000000000e+00 0.000000000000000000e+00
6.500000000000000000e+01 3.010000000000000000e+02 -8.250691986083984375e+01 0.000000000000000000e+00 0.000000000000000000e+00 0.000000000000000000e+00 3.000000000000000000e+00 0.000000000000000000e+00 0.000000000000000000e+00 3.000000000000000000e+00 2.000000000000000000e+00 0.000000000000000000e+00 0.000000000000000000e+00 0.000000000000000000e+00 0.000000000000000000e+00
6.600000000000000000e+01 3.020000000000000000e+02 -7.586122894287109375e+01 0.000000000000000000e+00 0.000000000000000000e+00 0.000000000000000000e+00 3.000000000000000000e+00 0.000000000000000000e+00 0.000000000000000000e+00 3.000000000000000000e+00 2.000000000000000000e+00 0.000000000000000000e+00 0.000000000000000000e+00 0.000000000000000000e+00 0.000000000000000000e+00
6.700000000000000000e+01 3.030000000000000000e+02 -6.583678436279296875e+01 0.000000000000000000e+00 0.000000000000000000e+00 0.000000000000000000e+00 3.000000000000000000e+00 0.000000000000000000e+00 0.000000000000000000e+00 3.000000000000000000e+00 2.000000000000000000e+00 0.000000000000000000e+00 0.000000000000000000e+00 0.000000000000000000e+00 0.000000000000000000e+00
6.800000000000000000e+01 3.040000000000000000e+02 -5.240244293212890625e+01 0.000000000000000000e+00 0.000000000000000000e+00 0.000000000000000000e+00 3.000000000000000000e+00 0.000000000000000000e+00 0.000000000000000000e+00 3.000000000000000000e+00 2.000000000000000000e+00 0.000000000000000000e+00 0.000000000000000000e+00 0.000000000000000000e+00 0.000000000000000000e+00
6.900000000000000000e+01 3.050000000000000000e+02 -3.874112319946289062e+01 0.000000000000000000e+00 0.000000000000000000e+00 0.000000000000000000e+00 3.000000000000000000e+00 0.000000000000000000e+00 0.000000000000000000e+00 3.000000000000000000e+00 2.000000000000000000e+00 0.000000000000000000e+00 0.000000000000000000e+00 0.000000000000000000e+00 0.000000000000000000e+00
7.000000000000000000e+01 3.060000000000000000e+02 -3.001156234741210938e+01 0.000000000000000000e+00 0.000000000000000000e+00 0.000000000000000000e+00 3.000000000000000000e+00 0.000000000000000000e+00 0.000000000000000000e+00 3.000000000000000000e+00 2.000000000000000000e+00 0.000000000000000000e+00 0.000000000000000000e+00 0.000000000000000000e+00 0.000000000000000000e+00
7.100000000000000000e+01 3.070000000000000000e+02 -2.445759010314941406e+01 0.000000000000000000e+00 0.000000000000000000e+00 0.000000000000000000e+00 3.000000000000000000e+00 0.000000000000000000e+00 0.000000000000000000e+00 3.000000000000000000e+00 2.000000000000000000e+00 0.000000000000000000e+00 0.000000000000000000e+00 0.000000000000000000e+00 0.000000000000000000e+00
7.200000000000000000e+01 3.080000000000000000e+02 -1.990590286254882812e+01 0.000000000000000000e+00 0.000000000000000000e+00 0.000000000000000000e+00 3.000000000000000000e+00 0.000000000000000000e+00 0.000000000000000000e+00 3.000000000000000000e+00 2.000000000000000000e+00 0.000000000000000000e+00 0.000000000000000000e+00 0.000000000000000000e+00 0.000000000000000000e+00
7.300000000000000000e+01 3.090000000000000000e+02 -4.290870666503906250e+00 0.000000000000000000e+00 0.000000000000000000e+00 0.000000000000000000e+00 3.000000000000000000e+00 0.000000000000000000e+00 0.000000000000000000e+00 3.000000000000000000e+00 2.000000000000000000e+00 0.000000000000000000e+00 0.000000000000000000e+00 0.000000000000000000e+00 0.000000000000000000e+00
7.400000000000000000e+01 3.100000000000000000e+02 2.694606781005859375e+01 0.000000000000000000e+00 0.000000000000000000e+00 0.000000000000000000e+00 3.000000000000000000e+00 0.000000000000000000e+00 0.000000000000000000e+00 3.000000000000000000e+00 2.000000000000000000e+00 0.000000000000000000e+00 0.000000000000000000e+00 0.000000000000000000e+00 0.000000000000000000e+00
7.500000000000000000e+01 3.110000000000000000e+02 8.995678710937500000e+01 0.000000000000000000e+00 0.000000000000000000e+00 0.000000000000000000e+00 3.000000000000000000e+00 0.000000000000000000e+00 0.000000000000000000e+00 3.000000000000000000e+00 2.000000000000000000e+00 0.000000000000000000e+00 0.000000000000000000e+00 0.000000000000000000e+00 0.000000000000000000e+00
7.600000000000000000e+01 3.120000000000000000e+02 1.075566406250000000e+02 0.000000000000000000e+00 0.000000000000000000e+00 0.000000000000000000e+00 3.000000000000000000e+00 0.000000000000000000e+00 0.000000000000000000e+00 3.000000000000000000e+00 2.000000000000000000e+00 0.000000000000000000e+00 0.000000000000000000e+00 0.000000000000000000e+00 0.000000000000000000e+00
7.700000000000000000e+01 3.130000000000000000e+02 1.276080169677734375e+02 0.000000000000000000e+00 0.000000000000000000e+00 0.000000000000000000e+00 3.000000000000000000e+00 0.000000000000000000e+00 0.000000000000000000e+00 3.000000000000000000e+00 2.000000000000000000e+00 0.000000000000000000e+00 0.000000000000000000e+00 0.000000000000000000e+00 0.000000000000000000e+00
7.800000000000000000e+01 3.140000000000000000e+02 1.158851165771484375e+02 0.000000000000000000e+00 0.000000000000000000e+00 0.000000000000000000e+00 3.000000000000000000e+00 0.000000000000000000e+00 0.000000000000000000e+00 3.000000000000000000e+00 2.000000000000000000e+00 0.000000000000000000e+00 0.000000000000000000e+00 0.000000000000000000e+00 0.000000000000000000e+00
7.900000000000000000e+01 3.150000000000000000e+02 7.828274536132812500e+01 0.000000000000000000e+00 0.000000000000000000e+00 0.000000000000000000e+00 3.000000000000000000e+00 0.000000000000000000e+00 0.000000000000000000e+00 3.000000000000000000e+00 2.000000000000000000e+00 0.000000000000000000e+00 0.000000000000000000e+00 0.000000000000000000e+00 0.000000000000000000e+00
8.000000000000000000e+01 3.160000000000000000e+02 -9.424093627929687500e+01 0.000000000000000000e+00 0.000000000000000000e+00 0.000000000000000000e+00 3.000000000000000000e+00 0.000000000000000000e+00 0.000000000000000000e+00 3.000000000000000000e+00 2.000000000000000000e+00 0.000000000000000000e+00 0.000000000000000000e+00 0.000000000000000000e+00 0.000000000000000000e+00
8.100000000000000000e+01 3.170000000000000000e+02 -1.180168228149414062e+02 0.000000000000000000e+00 0.000000000000000000e+00 0.000000000000000000e+00 3.000000000000000000e+00 0.000000000000000000e+00 0.000000000000000000e+00 3.000000000000000000e+00 2.000000000000000000e+00 0.000000000000000000e+00 0.000000000000000000e+00 0.000000000000000000e+00 0.000000000000000000e+00
8.200000000000000000e+01 3.180000000000000000e+02 -1.130578155517578125e+02 0.000000000000000000e+00 0.000000000000000000e+00 0.000000000000000000e+00 3.000000000000000000e+00 0.000000000000000000e+00 0.000000000000000000e+00 3.000000000000000000e+00 2.000000000000000000e+00 0.000000000000000000e+00 0.000000000000000000e+00 0.000000000000000000e+00 0.000000000000000000e+00
8.300000000000000000e+01 3.190000000000000000e+02 -8.823634338378906250e+01 0.000000000000000000e+00 0.000000000000000000e+00 0.000000000000000000e+00 3.000000000000000000e+00 0.000000000000000000e+00 0.000000000000000000e+00 3.000000000000000000e+00 2.000000000000000000e+00 0.000000000000000000e+00 0.000000000000000000e+00 0.000000000000000000e+00 0.000000000000000000e+00
8.400000000000000000e+01 3.200000000000000000e+02 -8.002561187744140625e+01 0.000000000000000000e+00 0.000000000000000000e+00 0.000000000000000000e+00 3.000000000000000000e+00 0.000000000000000000e+00 0.000000000000000000e+00 3.000000000000000000e+00 2.000000000000000000e+00 0.000000000000000000e+00 0.000000000000000000e+00 0.000000000000000000e+00 0.000000000000000000e+00
8.500000000000000000e+01 3.210000000000000000e+02 8.668099975585937500e+01 0.000000000000000000e+00 0.000000000000000000e+00 0.000000000000000000e+00 3.000000000000000000e+00 0.000000000000000000e+00 0.000000000000000000e+00 3.000000000000000000e+00 2.000000000000000000e+00 0.000000000000000000e+00 0.000000000000000000e+00 0.000000000000000000e+00 0.000000000000000000e+00
8.600000000000000000e+01 3.220000000000000000e+02 1.045190811157226562e+02 0.000000000000000000e+00 0.000000000000000000e+00 0.000000000000000000e+00 3.000000000000000000e+00 0.000000000000000000e+00 0.000000000000000000e+00 3.000000000000000000e+00 2.000000000000000000e+00 0.000000000000000000e+00 0.000000000000000000e+00 0.000000000000000000e+00 0.000000000000000000e+00
8.700000000000000000e+01 3.230000000000000000e+02 8.454182434082031250e+01 0.000000000000000000e+00 0.000000000000000000e+00 0.000000000000000000e+00 3.000000000000000000e+00 0.000000000000000000e+00 0.000000000000000000e+00 3.000000000000000000e+00 2.000000000000000000e+00 0.000000000000000000e+00 0.000000000000000000e+00 0.000000000000000000e+00 0.000000000000000000e+00
8.800000000000000000e+01 3.240000000000000000e+02 1.215125274658203125e+02 0.000000000000000000e+00 0.000000000000000000e+00 0.000000000000000000e+00 3.000000000000000000e+00 0.000000000000000000e+00 0.000000000000000000e+00 3.000000000000000000e+00 2.000000000000000000e+00 0.000000000000000000e+00 0.000000000000000000e+00 0.000000000000000000e+00 0.000000000000000000e+00
8.900000000000000000e+01 3.250000000000000000e+02 -8.733485412597656250e+01 0.000000000000000000e+00 0.000000000000000000e+00 0.000000000000000000e+00 3.000000000000000000e+00 0.000000000000000000e+00 0.000000000000000000e+00 3.000000000000000000e+00 2.000000000000000000e+00 0.000000000000000000e+00 0.000000000000000000e+00 0.000000000000000000e+00 0.000000000000000000e+00
9.000000000000000000e+01 3.260000000000000000e+02 -1.202968978881835938e+02 0.000000000000000000e+00 0.000000000000000000e+00 0.000000000000000000e+00 3.000000000000000000e+00 0.000000000000000000e+00 0.000000000000000000e+00 3.000000000000000000e+00 2.000000000000000000e+00 0.000000000000000000e+00 0.000000000000000000e+00 0.000000000000000000e+00 0.000000000000000000e+00
9.100000000000000000e+01 3.270000000000000000e+02 -1.078473892211914062e+02 0.000000000000000000e+00 0.000000000000000000e+00 0.000000000000000000e+00 3.000000000000000000e+00 0.000000000000000000e+00 0.000000000000000000e+00 3.000000000000000000e+00 2.000000000000000000e+00 0.000000000000000000e+00 0.000000000000000000e+00 0.000000000000000000e+00 0.000000000000000000e+00
9.200000000000000000e+01 3.280000000000000000e+02 -9.971240234375000000e+01 0.000000000000000000e+00 0.000000000000000000e+00 0.000000000000000000e+00 3.000000000000000000e+00 0.000000000000000000e+00 0.000000000000000000e+00 3.000000000000000000e+00 2.000000000000000000e+00 0.000000000000000000e+00 0.000000000000000000e+00 0.000000000000000000e+00 0.000000000000000000e+00
9.300000000000000000e+01 3.290000000000000000e+02 -6.645481872558593750e+01 0.000000000000000000e+00 0.000000000000000000e+00 0.000000000000000000e+00 3.000000000000000000e+00 0.000000000000000000e+00 0.000000000000000000e+00 3.000000000000000000e+00 2.000000000000000000e+00 0.000000000000000000e+00 0.000000000000000000e+00 0.000000000000000000e+00 0.000000000000000000e+00
9.400000000000000000e+01 3.300000000000000000e+02 -3.819902801513671875e+01 0.000000000000000000e+00 0.000000000000000000e+00 0.000000000000000000e+00 3.000000000000000000e+00 0.000000000000000000e+00 0.000000000000000000e+00 3.000000000000000000e+00 2.000000000000000000e+00 0.000000000000000000e+00 0.000000000000000000e+00 0.000000000000000000e+00 0.000000000000000000e+00
9.500000000000000000e+01 3.310000000000000000e+02 -2.922845840454101562e+01 0.000000000000000000e+00 0.000000000000000000e+00 0.000000000000000000e+00 3.000000000000000000e+00 0.000000000000000000e+00 0.000000000000000000e+00 3.000000000000000000e+00 2.000000000000000000e+00 0.000000000000000000e+00 0.000000000000000000e+00 0.000000000000000000e+00 0.000000000000000000e+00
9.600000000000000000e+01 3.320000000000000000e+02 -2.628440093994140625e+01 0.000000000000000000e+00 0.000000000000000000e+00 0.000000000000000000e+00 3.000000000000000000e+00 0.000000000000000000e+00 0.000000000000000000e+00 3.000000000000000000e+00 2.000000000000000000e+00 0.000000000000000000e+00 0.000000000000000000e+00 0.000000000000000000e+00 0.000000000000000000e+00
9.700000000000000000e+01 3.330000000000000000e+02 -1.444442462921142578e+01 0.000000000000000000e+00 0.000000000000000000e+00 0.000000000000000000e+00 3.000000000000000000e+00 0.000000000000000000e+00 0.000000000000000000e+00 3.000000000000000000e+00 2.000000000000000000e+00 0.000000000000000000e+00 0.000000000000000000e+00 0.000000000000000000e+00 0.000000000000000000e+00
9.800000000000000000e+01 3.340000000000000000e+02 -4.288087368011474609e+00 0.000000000000000000e+00 0.000000000000000000e+00 0.000000000000000000e+00 3.000000000000000000e+00 0.000000000000000000e+00 0.000000000000000000e+00 3.000000000000000000e+00 2.000000000000000000e+00 0.000000000000000000e+00 0.000000000000000000e+00 0.000000000000000000e+00 0.000000000000000000e+00
9.900000000000000000e+01 3.350000000000000000e+02 9.187674522399902344e+00 0.000000000000000000e+00 0.000000000000000000e+00 0.000000000000000000e+00 3.000000000000000000e+00 0.000000000000000000e+00 0.000000000000000000e+00 3.000000000000000000e+00 2.000000000000000000e+00 0.000000000000000000e+00 0.000000000000000000e+00 0.000000000000000000e+00 0.000000000000000000e+00
1.000000000000000000e+02 3.360000000000000000e+02 2.157313537597656250e+01 0.000000000000000000e+00 0.000000000000000000e+00 0.000000000000000000e+00 3.000000000000000000e+00 0.000000000000000000e+00 0.000000000000000000e+00 3.000000000000000000e+00 2.000000000000000000e+00 0.000000000000000000e+00 0.000000000000000000e+00 0.000000000000000000e+00 0.000000000000000000e+00
1.010000000000000000e+02 3.370000000000000000e+02 6.056457138061523438e+01 0.000000000000000000e+00 0.000000000000000000e+00 0.000000000000000000e+00 3.000000000000000000e+00 0.000000000000000000e+00 0.000000000000000000e+00 3.000000000000000000e+00 2.000000000000000000e+00 0.000000000000000000e+00 0.000000000000000000e+00 0.000000000000000000e+00 0.000000000000000000e+00
1.020000000000000000e+02 3.380000000000000000e+02 7.788219451904296875e+01 0.000000000000000000e+00 0.000000000000000000e+00 0.000000000000000000e+00 3.000000000000000000e+00 0.000000000000000000e+00 0.000000000000000000e+00 3.000000000000000000e+00 2.000000000000000000e+00 0.000000000000000000e+00 0.000000000000000000e+00 0.000000000000000000e+00 0.000000000000000000e+00
1.030000000000000000e+02 3.390000000000000000e+02 7.766636657714843750e+01 0.000000000000000000e+00 0.000000000000000000e+00 0.000000000000000000e+00 3.000000000000000000e+00 0.000000000000000000e+00 0.000000000000000000e+00 3.000000000000000000e+00 2.000000000000000000e+00 0.000000000000000000e+00 0.000000000000000000e+00 0.000000000000000000e+00 0.000000000000000000e+00
1.040000000000000000e+02 3.400000000000000000e+02 8.537332153320312500e+01 0.000000000000000000e+00 0.000000000000000000e+00 0.000000000000000000e+00 3.000000000000000000e+00 0.000000000000000000e+00 0.000000000000000000e+00 3.000000000000000000e+00 2.000000000000000000e+00 0.000000000000000000e+00 0.000000000000000000e+00 0.000000000000000000e+00 0.000000000000000000e+00
1.050000000000000000e+02 3.410000000000000000e+02 8.238598632812500000e+01 0.000000000000000000e+00 0.000000000000000000e+00 0.000000000000000000e+00 3.000000000000000000e+00 0.000000000000000000e+00 0.000000000000000000e+00 3.000000000000000000e+00 2.000000000000000000e+00 0.000000000000000000e+00 0.000000000000000000e+00 0.000000000000000000e+00 0.000000000000000000e+00
1.060000000000000000e+02 3.420000000000000000e+02 8.089807128906250000e+01 0.000000000000000000e+00 0.000000000000000000e+00 0.000000000000000000e+00 3.000000000000000000e+00 0.000000000000000000e+00 0.000000000000000000e+00 3.000000000000000000e+00 2.000000000000000000e+00 0.000000000000000000e+00 0.000000000000000000e+00 0.000000000000000000e+00 0.000000000000000000e+00
1.070000000000000000e+02 3.430000000000000000e+02 8.929196166992187500e+01 0.000000000000000000e+00 0.000000000000000000e+00 0.000000000000000000e+00 3.000000000000000000e+00 0.000000000000000000e+00 0.000000000000000000e+00 3.000000000000000000e+00 2.000000000000000000e+00 0.000000000000000000e+00 0.000000000000000000e+00 0.000000000000000000e+00 0.000000000000000000e+00
1.080000000000000000e+02 3.440000000000000000e+02 1.040956497192382812e+02 0.000000000000000000e+00 0.000000000000000000e+00 0.000000000000000000e+00 3.000000000000000000e+00 0.000000000000000000e+00 0.000000000000000000e+00 3.000000000000000000e+00 2.000000000000000000e+00 0.000000000000000000e+00 0.000000000000000000e+00 0.000000000000000000e+00 0.000000000000000000e+00
1.090000000000000000e+02 3.450000000000000000e+02 1.056018676757812500e+02 0.000000000000000000e+00 0.000000000000000000e+00 0.000000000000000000e+00 3.000000000000000000e+00 0.000000000000000000e+00 0.000000000000000000e+00 3.000000000000000000e+00 2.000000000000000000e+00 0.000000000000000000e+00 0.000000000000000000e+00 0.000000000000000000e+00 0.000000000000000000e+00
1.100000000000000000e+02 3.460000000000000000e+02 1.011946334838867188e+02 0.000000000000000000e+00 0.000000000000000000e+00 0.000000000000000000e+00 3.000000000000000000e+00 0.000000000000000000e+00 0.000000000000000000e+00 3.000000000000000000e+00 2.000000000000000000e+00 0.000000000000000000e+00 0.000000000000000000e+00 0.000000000000000000e+00 0.000000000000000000e+00
1.110000000000000000e+02 3.470000000000000000e+02 9.756249237060546875e+01 0.000000000000000000e+00 0.000000000000000000e+00 0.000000000000000000e+00 3.000000000000000000e+00 0.000000000000000000e+00 0.000000000000000000e+00 3.000000000000000000e+00 2.000000000000000000e+00 0.000000000000000000e+00 0.000000000000000000e+00 0.000000000000000000e+00 0.000000000000000000e+00
1.120000000000000000e+02 3.480000000000000000e+02 8.416662597656250000e+01 0.000000000000000000e+00 0.000000000000000000e+00 0.000000000000000000e+00 3.000000000000000000e+00 0.000000000000000000e+00 0.000000000000000000e+00 3.000000000000000000e+00 2.000000000000000000e+00 0.000000000000000000e+00 0.000000000000000000e+00 0.000000000000000000e+00 0.000000000000000000e+00
1.130000000000000000e+02 3.490000000000000000e+02 7.219544982910156250e+01 0.000000000000000000e+00 0.000000000000000000e+00 0.000000000000000000e+00 3.000000000000000000e+00 0.000000000000000000e+00 0.000000000000000000e+00 3.000000000000000000e+00 2.000000000000000000e+00 0.000000000000000000e+00 0.000000000000000000e+00 0.000000000000000000e+00 0.000000000000000000e+00
1.140000000000000000e+02 3.500000000000000000e+02 6.570985412597656250e+01 0.000000000000000000e+00 0.000000000000000000e+00 0.000000000000000000e+00 3.000000000000000000e+00 0.000000000000000000e+00 0.000000000000000000e+00 3.000000000000000000e+00 2.000000000000000000e+00 0.000000000000000000e+00 0.000000000000000000e+00 0.000000000000000000e+00 0.000000000000000000e+00
1.150000000000000000e+02 3.510000000000000000e+02 6.914715576171875000e+01 0.000000000000000000e+00 0.000000000000000000e+00 0.000000000000000000e+00 3.000000000000000000e+00 0.000000000000000000e+00 0.000000000000000000e+00 3.000000000000000000e+00 2.000000000000000000e+00 0.000000000000000000e+00 0.000000000000000000e+00 0.000000000000000000e+00 0.000000000000000000e+00
1.160000000000000000e+02 3.520000000000000000e+02 6.970449066162109375e+01 0.000000000000000000e+00 0.000000000000000000e+00 0.000000000000000000e+00 3.000000000000000000e+00 0.000000000000000000e+00 0.000000000000000000e+00 3.000000000000000000e+00 2.000000000000000000e+00 0.000000000000000000e+00 0.000000000000000000e+00 0.000000000000000000e+00 0.000000000000000000e+00
1.170000000000000000e+02 3.530000000000000000e+02 8.104888916015625000e+01 0.000000000000000000e+00 0.000000000000000000e+00 0.000000000000000000e+00 3.000000000000000000e+00 0.000000000000000000e+00 0.000000000000000000e+00 3.000000000000000000e+00 2.000000000000000000e+00 0.000000000000000000e+00 0.000000000000000000e+00 0.000000000000000000e+00 0.000000000000000000e+00
1.180000000000000000e+02 3.540000000000000000e+02 4.064815521240234375e+01 0.000000000000000000e+00 0.000000000000000000e+00 0.000000000000000000e+00 3.000000000000000000e+00 0.000000000000000000e+00 0.000000000000000000e+00 3.000000000000000000e+00 2.000000000000000000e+00 0.000000000000000000e+00 0.000000000000000000e+00 0.000000000000000000e+00 0.000000000000000000e+00
1.190000000000000000e+02 3.550000000000000000e+02 -1.217769470214843750e+02 0.000000000000000000e+00 0.000000000000000000e+00 0.000000000000000000e+00 3.000000000000000000e+00 0.000000000000000000e+00 0.000000000000000000e+00 3.000000000000000000e+00 2.000000000000000000e+00 0.000000000000000000e+00 0.000000000000000000e+00 0.000000000000000000e+00 0.000000000000000000e+00
1.200000000000000000e+02 3.560000000000000000e+02 -1.106351013183593750e+02 0.000000000000000000e+00 0.000000000000000000e+00 0.000000000000000000e+00 3.000000000000000000e+00 0.000000000000000000e+00 0.000000000000000000e+00 3.000000000000000000e+00 2.000000000000000000e+00 0.000000000000000000e+00 0.000000000000000000e+00 0.000000000000000000e+00 0.000000000000000000e+00
1.210000000000000000e+02 3.570000000000000000e+02 -9.748620605468750000e+01 0.000000000000000000e+00 0.000000000000000000e+00 0.000000000000000000e+00 3.000000000000000000e+00 0.000000000000000000e+00 0.000000000000000000e+00 3.000000000000000000e+00 2.000000000000000000e+00 0.000000000000000000e+00 0.000000000000000000e+00 0.000000000000000000e+00 0.000000000000000000e+00
1.220000000000000000e+02 3.580000000000000000e+02 -9.760727691650390625e+01 0.000000000000000000e+00 0.000000000000000000e+00 0.000000000000000000e+00 3.000000000000000000e+00 0.000000000000000000e+00 0.000000000000000000e+00 3.000000000000000000e+00 2.000000000000000000e+00 0.000000000000000000e+00 0.000000000000000000e+00 0.000000000000000000e+00 0.000000000000000000e+00
1.230000000000000000e+02 3.590000000000000000e+02 -9.854159545898437500e+01 0.000000000000000000e+00 0.000000000000000000e+00 0.000000000000000000e+00 3.000000000000000000e+00 0.000000000000000000e+00 0.000000000000000000e+00 3.000000000000000000e+00 2.000000000000000000e+00 0.000000000000000000e+00 0.000000000000000000e+00 0.000000000000000000e+00 0.000000000000000000e+00
1.240000000000000000e+02 3.600000000000000000e+02 -9.866686248779296875e+01 0.000000000000000000e+00 0.000000000000000000e+00 0.000000000000000000e+00 3.000000000000000000e+00 0.000000000000000000e+00 0.000000000000000000e+00 3.000000000000000000e+00 2.000000000000000000e+00 0.000000000000000000e+00 0.000000000000000000e+00 0.000000000000000000e+00 0.000000000000000000e+00
1.250000000000000000e+02 3.610000000000000000e+02 -9.637185668945312500e+01 0.000000000000000000e+00 0.000000000000000000e+00 0.000000000000000000e+00 3.000000000000000000e+00 0.000000000000000000e+00 0.000000000000000000e+00 3.000000000000000000e+00 2.000000000000000000e+00 0.000000000000000000e+00 0.000000000000000000e+00 0.000000000000000000e+00 0.000000000000000000e+00
1.260000000000000000e+02 3.620000000000000000e+02 -9.535854339599609375e+01 0.000000000000000000e+00 0.000000000000000000e+00 0.000000000000000000e+00 3.000000000000000000e+00 0.000000000000000000e+00 0.000000000000000000e+00 3.000000000000000000e+00 2.000000000000000000e+00 0.000000000000000000e+00 0.000000000000000000e+00 0.000000000000000000e+00 0.000000000000000000e+00
1.270000000000000000e+02 3.630000000000000000e+02 -8.848342132568359375e+01 0.000000000000000000e+00 0.000000000000000000e+00 0.000000000000000000e+00 3.000000000000000000e+00 0.000000000000000000e+00 0.000000000000000000e+00 3.000000000000000000e+00 2.000000000000000000e+00 0.000000000000000000e+00 0.000000000000000000e+00 0.000000000000000000e+00 0.000000000000000000e+00
1.280000000000000000e+02 3.640000000000000000e+02 -7.928563690185546875e+01 0.000000000000000000e+00 0.000000000000000000e+00 0.000000000000000000e+00 3.000000000000000000e+00 0.000000000000000000e+00 0.000000000000000000e+00 3.000000000000000000e+00 2.000000000000000000e+00 0.000000000000000000e+00 0.000000000000000000e+00 0.000000000000000000e+00 0.000000000000000000e+00
1.290000000000000000e+02 3.650000000000000000e+02 -6.990862274169921875e+01 0.000000000000000000e+00 0.000000000000000000e+00 0.000000000000000000e+00 3.000000000000000000e+00 0.000000000000000000e+00 0.000000000000000000e+00 3.000000000000000000e+00 2.000000000000000000e+00 0.000000000000000000e+00 0.000000000000000000e+00 0.000000000000000000e+00 0.000000000000000000e+00
1.300000000000000000e+02 3.660000000000000000e+02 -5.847643661499023438e+01 0.000000000000000000e+00 0.000000000000000000e+00 0.000000000000000000e+00 3.000000000000000000e+00 0.000000000000000000e+00 0.000000000000000000e+00 3.000000000000000000e+00 2.000000000000000000e+00 0.000000000000000000e+00 0.000000000000000000e+00 0.000000000000000000e+00 0.000000000000000000e+00
1.310000000000000000e+02 3.670000000000000000e+02 -4.938629531860351562e+01 0.000000000000000000e+00 0.000000000000000000e+00 0.000000000000000000e+00 3.000000000000000000e+00 0.000000000000000000e+00 0.000000000000000000e+00 3.000000000000000000e+00 2.000000000000000000e+00 0.000000000000000000e+00 0.000000000000000000e+00 0.000000000000000000e+00 0.000000000000000000e+00
1.320000000000000000e+02 3.680000000000000000e+02 -4.309355545043945312e+01 0.000000000000000000e+00 0.000000000000000000e+00 0.000000000000000000e+00 3.000000000000000000e+00 0.000000000000000000e+00 0.000000000000000000e+00 3.000000000000000000e+00 2.000000000000000000e+00 0.000000000000000000e+00 0.000000000000000000e+00 0.000000000000000000e+00 0.000000000000000000e+00
1.330000000000000000e+02 3.690000000000000000e+02 -3.078658103942871094e+01 0.000000000000000000e+00 0.000000000000000000e+00 0.000000000000000000e+00 3.000000000000000000e+00 0.000000000000000000e+00 0.000000000000000000e+00 3.000000000000000000e+00 2.000000000000000000e+00 0.000000000000000000e+00 0.000000000000000000e+00 0.000000000000000000e+00 0.000000000000000000e+00
1.340000000000000000e+02 3.700000000000000000e+02 -1.054459476470947266e+01 0.000000000000000000e+00 0.000000000000000000e+00 0.000000000000000000e+00 3.000000000000000000e+00 0.000000000000000000e+00 0.000000000000000000e+00 3.000000000000000000e+00 2.000000000000000000e+00 0.000000000000000000e+00 0.000000000000000000e+00 0.000000000000000000e+00 0.000000000000000000e+00
1.350000000000000000e+02 3.710000000000000000e+02 8.351309776306152344e+00 0.000000000000000000e+00 0.000000000000000000e+00 0.000000000000000000e+00 3.000000000000000000e+00 0.000000000000000000e+00 0.000000000000000000e+00 3.000000000000000000e+00 2.000000000000000000e+00 0.000000000000000000e+00 0.000000000000000000e+00 0.000000000000000000e+00 0.000000000000000000e+00
1.360000000000000000e+02 3.720000000000000000e+02 2.476405143737792969e+01 0.000000000000000000e+00 0.000000000000000000e+00 0.000000000000000000e+00 3.000000000000000000e+00 0.000000000000000000e+00 0.000000000000000000e+00 3.000000000000000000e+00 2.000000000000000000e+00 0.000000000000000000e+00 0.000000000000000000e+00 0.000000000000000000e+00 0.000000000000000000e+00
1.370000000000000000e+02 3.730000000000000000e+02 3.956406021118164062e+01 0.000000000000000000e+00 0.000000000000000000e+00 0.000000000000000000e+00 3.000000000000000000e+00 0.000000000000000000e+00 0.000000000000000000e+00 3.000000000000000000e+00 2.000000000000000000e+00 0.000000000000000000e+00 0.000000000000000000e+00 0.000000000000000000e+00 0.000000000000000000e+00
1.380000000000000000e+02 3.740000000000000000e+02 -3.494469833374023438e+01 0.000000000000000000e+00 0.000000000000000000e+00 0.000000000000000000e+00 3.000000000000000000e+00 0.000000000000000000e+00 0.000000000000000000e+00 3.000000000000000000e+00 2.000000000000000000e+00 0.000000000000000000e+00 0.000000000000000000e+00 0.000000000000000000e+00 0.000000000000000000e+00
1.390000000000000000e+02 3.750000000000000000e+02 -1.268390655517578125e+02 0.000000000000000000e+00 0.000000000000000000e+00 0.000000000000000000e+00 3.000000000000000000e+00 0.000000000000000000e+00 0.000000000000000000e+00 3.000000000000000000e+00 2.000000000000000000e+00 0.000000000000000000e+00 0.000000000000000000e+00 0.000000000000000000e+00 0.000000000000000000e+00
1.400000000000000000e+02 3.760000000000000000e+02 -1.197847290039062500e+02 0.000000000000000000e+00 0.000000000000000000e+00 0.000000000000000000e+00 3.000000000000000000e+00 0.000000000000000000e+00 0.000000000000000000e+00 3.000000000000000000e+00 2.000000000000000000e+00 0.000000000000000000e+00 0.000000000000000000e+00 0.000000000000000000e+00 0.000000000000000000e+00
1.410000000000000000e+02 3.770000000000000000e+02 -1.362022094726562500e+02 0.000000000000000000e+00 0.000000000000000000e+00 0.000000000000000000e+00 3.000000000000000000e+00 0.000000000000000000e+00 0.000000000000000000e+00 3.000000000000000000e+00 2.000000000000000000e+00 0.000000000000000000e+00 0.000000000000000000e+00 0.000000000000000000e+00 0.000000000000000000e+00
1.420000000000000000e+02 3.780000000000000000e+02 -1.052794189453125000e+02 0.000000000000000000e+00 0.000000000000000000e+00 0.000000000000000000e+00 3.000000000000000000e+00 0.000000000000000000e+00 0.000000000000000000e+00 3.000000000000000000e+00 2.000000000000000000e+00 0.000000000000000000e+00 0.000000000000000000e+00 0.000000000000000000e+00 0.000000000000000000e+00
1.430000000000000000e+02 3.790000000000000000e+02 -8.631348419189453125e+01 0.000000000000000000e+00 0.000000000000000000e+00 0.000000000000000000e+00 3.000000000000000000e+00 0.000000000000000000e+00 0.000000000000000000e+00 3.000000000000000000e+00 2.000000000000000000e+00 0.000000000000000000e+00 0.000000000000000000e+00 0.000000000000000000e+00 0.000000000000000000e+00
1.440000000000000000e+02 3.800000000000000000e+02 -6.426619720458984375e+01 0.000000000000000000e+00 0.000000000000000000e+00 0.000000000000000000e+00 3.000000000000000000e+00 0.000000000000000000e+00 0.000000000000000000e+00 3.000000000000000000e+00 2.000000000000000000e+00 0.000000000000000000e+00 0.000000000000000000e+00 0.000000000000000000e+00 0.000000000000000000e+00
1.450000000000000000e+02 3.810000000000000000e+02 1.050674285888671875e+02 0.000000000000000000e+00 0.000000000000000000e+00 0.000000000000000000e+00 3.000000000000000000e+00 0.000000000000000000e+00 0.000000000000000000e+00 3.000000000000000000e+00 2.000000000000000000e+00 0.000000000000000000e+00 0.000000000000000000e+00 0.000000000000000000e+00 0.000000000000000000e+00
1.460000000000000000e+02 3.820000000000000000e+02 1.059736480712890625e+02 0.000000000000000000e+00 0.000000000000000000e+00 0.000000000000000000e+00 3.000000000000000000e+00 0.000000000000000000e+00 0.000000000000000000e+00 3.000000000000000000e+00 2.000000000000000000e+00 0.000000000000000000e+00 0.000000000000000000e+00 0.000000000000000000e+00 0.000000000000000000e+00
1.470000000000000000e+02 3.830000000000000000e+02 1.184685363769531250e+02 0.000000000000000000e+00 0.000000000000000000e+00 0.000000000000000000e+00 3.000000000000000000e+00 0.000000000000000000e+00 0.000000000000000000e+00 3.000000000000000000e+00 2.000000000000000000e+00 0.000000000000000000e+00 0.000000000000000000e+00 0.000000000000000000e+00 0.000000000000000000e+00
1.480000000000000000e+02 3.840000000000000000e+02 1.120714721679687500e+02 0.000000000000000000e+00 0.000000000000000000e+00 0.000000000000000000e+00 3.000000000000000000e+00 0.000000000000000000e+00 0.000000000000000000e+00 3.000000000000000000e+00 2.000000000000000000e+00 0.000000000000000000e+00 0.000000000000000000e+00 0.000000000000000000e+00 0.000000000000000000e+00
1.490000000000000000e+02 3.850000000000000000e+02 1.244275741577148438e+02 0.000000000000000000e+00 0.000000000000000000e+00 0.000000000000000000e+00 3.000000000000000000e+00 0.000000000000000000e+00 0.000000000000000000e+00 3.000000000000000000e+00 2.000000000000000000e+00 0.000000000000000000e+00 0.000000000000000000e+00 0.000000000000000000e+00 0.000000000000000000e+00
1.500000000000000000e+02 3.860000000000000000e+02 1.263249740600585938e+02 0.000000000000000000e+00 0.000000000000000000e+00 0.000000000000000000e+00 3.000000000000000000e+00 0.000000000000000000e+00 0.000000000000000000e+00 3.000000000000000000e+00 2.000000000000000000e+00 0.000000000000000000e+00 0.000000000000000000e+00 0.000000000000000000e+00 0.000000000000000000e+00
1.510000000000000000e+02 3.870000000000000000e+02 1.022459640502929688e+02 0.000000000000000000e+00 0.000000000000000000e+00 0.000000000000000000e+00 3.000000000000000000e+00 0.000000000000000000e+00 0.000000000000000000e+00 3.000000000000000000e+00 2.000000000000000000e+00 0.000000000000000000e+00 0.000000000000000000e+00 0.000000000000000000e+00 0.000000000000000000e+00
1.520000000000000000e+02 3.880000000000000000e+02 9.278456115722656250e+01 0.000000000000000000e+00 0.000000000000000000e+00 0.000000000000000000e+00 3.000000000000000000e+00 0.000000000000000000e+00 0.000000000000000000e+00 3.000000000000000000e+00 2.000000000000000000e+00 0.000000000000000000e+00 0.000000000000000000e+00 0.000000000000000000e+00 0.000000000000000000e+00
1.530000000000000000e+02 3.890000000000000000e+02 3.637659072875976562e+01 0.000000000000000000e+00 0.000000000000000000e+00 0.000000000000000000e+00 3.000000000000000000e+00 0.000000000000000000e+00 0.000000000000000000e+00 3.000000000000000000e+00 2.000000000000000000e+00 0.000000000000000000e+00 0.000000000000000000e+00 0.000000000000000000e+00 0.000000000000000000e+00
1.540000000000000000e+02 3.900000000000000000e+02 2.744171333312988281e+01 0.000000000000000000e+00 0.000000000000000000e+00 0.000000000000000000e+00 3.000000000000000000e+00 0.000000000000000000e+00 0.000000000000000000e+00 3.000000000000000000e+00 2.000000000000000000e+00 0.000000000000000000e+00 0.000000000000000000e+00 0.000000000000000000e+00 0.000000000000000000e+00
1.550000000000000000e+02 3.910000000000000000e+02 -1.891146659851074219e+01 0.000000000000000000e+00 0.000000000000000000e+00 0.000000000000000000e+00 3.000000000000000000e+00 0.000000000000000000e+00 0.000000000000000000e+00 3.000000000000000000e+00 2.000000000000000000e+00 0.000000000000000000e+00 0.000000000000000000e+00 0.000000000000000000e+00 0.000000000000000000e+00
1.560000000000000000e+02 3.920000000000000000e+02 -4.376326751708984375e+01 0.000000000000000000e+00 0.000000000000000000e+00 0.000000000000000000e+00 3.000000000000000000e+00 0.000000000000000000e+00 0.000000000000000000e+00 3.000000000000000000e+00 2.000000000000000000e+00 0.000000000000000000e+00 0.000000000000000000e+00 0.000000000000000000e+00 0.000000000000000000e+00
1.570000000000000000e+02 3.930000000000000000e+02 -2.288512611389160156e+01 0.000000000000000000e+00 0.000000000000000000e+00 0.000000000000000000e+00 3.000000000000000000e+00 0.000000000000000000e+00 0.000000000000000000e+00 3.000000000000000000e+00 2.000000000000000000e+00 0.000000000000000000e+00 0.000000000000000000e+00 0.000000000000000000e+00 0.000000000000000000e+00
1.580000000000000000e+02 3.940000000000000000e+02 -2.210920715332031250e+01 0.000000000000000000e+00 0.000000000000000000e+00 0.000000000000000000e+00 3.000000000000000000e+00 0.000000000000000000e+00 0.000000000000000000e+00 3.000000000000000000e+00 2.000000000000000000e+00 0.000000000000000000e+00 0.000000000000000000e+00 0.000000000000000000e+00 0.000000000000000000e+00
1.590000000000000000e+02 3.950000000000000000e+02 -3.485587692260742188e+01 0.000000000000000000e+00 0.000000000000000000e+00 0.000000000000000000e+00 3.000000000000000000e+00 0.000000000000000000e+00 0.000000000000000000e+00 3.000000000000000000e+00 2.000000000000000000e+00 0.000000000000000000e+00 0.000000000000000000e+00 0.000000000000000000e+00 0.000000000000000000e+00
1.600000000000000000e+02 3.960000000000000000e+02 -4.367442321777343750e+01 0.000000000000000000e+00 0.000000000000000000e+00 0.000000000000000000e+00 3.000000000000000000e+00 0.000000000000000000e+00 0.000000000000000000e+00 3.000000000000000000e+00 2.000000000000000000e+00 0.000000000000000000e+00 0.000000000000000000e+00 0.000000000000000000e+00 0.000000000000000000e+00
1.610000000000000000e+02 3.970000000000000000e+02 -4.523522186279296875e+01 0.000000000000000000e+00 0.000000000000000000e+00 0.000000000000000000e+00 3.000000000000000000e+00 0.000000000000000000e+00 0.000000000000000000e+00 3.000000000000000000e+00 2.000000000000000000e+00 0.000000000000000000e+00 0.000000000000000000e+00 0.000000000000000000e+00 0.000000000000000000e+00
1.620000000000000000e+02 3.980000000000000000e+02 -2.590973663330078125e+01 0.000000000000000000e+00 0.000000000000000000e+00 0.000000000000000000e+00 3.000000000000000000e+00 0.000000000000000000e+00 0.000000000000000000e+00 3.000000000000000000e+00 2.000000000000000000e+00 0.000000000000000000e+00 0.000000000000000000e+00 0.000000000000000000e+00 0.000000000000000000e+00
1.630000000000000000e+02 3.990000000000000000e+02 -8.479013442993164062e+00 0.000000000000000000e+00 0.000000000000000000e+00 0.000000000000000000e+00 3.000000000000000000e+00 0.000000000000000000e+00 0.000000000000000000e+00 3.000000000000000000e+00 2.000000000000000000e+00 0.000000000000000000e+00 0.000000000000000000e+00 0.000000000000000000e+00 0.000000000000000000e+00
1.640000000000000000e+02 4.000000000000000000e+02 1.857523441314697266e+00 0.000000000000000000e+00 0.000000000000000000e+00 0.000000000000000000e+00 3.000000000000000000e+00 0.000000000000000000e+00 0.000000000000000000e+00 3.000000000000000000e+00 2.000000000000000000e+00 0.000000000000000000e+00 0.000000000000000000e+00 0.000000000000000000e+00 0.000000000000000000e+00
1.650000000000000000e+02 4.010000000000000000e+02 1.339532279968261719e+01 0.000000000000000000e+00 0.000000000000000000e+00 0.000000000000000000e+00 3.000000000000000000e+00 0.000000000000000000e+00 0.000000000000000000e+00 3.000000000000000000e+00 2.000000000000000000e+00 0.000000000000000000e+00 0.000000000000000000e+00 0.000000000000000000e+00 0.000000000000000000e+00
1.660000000000000000e+02 4.020000000000000000e+02 2.307296562194824219e+01 0.000000000000000000e+00 0.000000000000000000e+00 0.000000000000000000e+00 3.000000000000000000e+00 0.000000000000000000e+00 0.000000000000000000e+00 3.000000000000000000e+00 2.000000000000000000e+00 0.000000000000000000e+00 0.000000000000000000e+00 0.000000000000000000e+00 0.000000000000000000e+00
1.670000000000000000e+02 4.030000000000000000e+02 2.684035110473632812e+01 0.000000000000000000e+00 0.000000000000000000e+00 0.000000000000000000e+00 3.000000000000000000e+00 0.000000000000000000e+00 0.000000000000000000e+00 3.000000000000000000e+00 2.000000000000000000e+00 0.000000000000000000e+00 0.000000000000000000e+00 0.000000000000000000e+00 0.000000000000000000e+00
1.680000000000000000e+02 4.040000000000000000e+02 4.748103332519531250e+01 0.000000000000000000e+00 0.000000000000000000e+00 0.000000000000000000e+00 3.000000000000000000e+00 0.000000000000000000e+00 0.000000000000000000e+00 3.000000000000000000e+00 2.000000000000000000e+00 0.000000000000000000e+00 0.000000000000000000e+00 0.000000000000000000e+00 0.000000000000000000e+00
1.690000000000000000e+02 4.050000000000000000e+02 7.915842437744140625e+01 0.000000000000000000e+00 0.000000000000000000e+00 0.000000000000000000e+00 3.000000000000000000e+00 0.000000000000000000e+00 0.000000000000000000e+00 3.000000000000000000e+00 2.000000000000000000e+00 0.000000000000000000e+00 0.000000000000000000e+00 0.000000000000000000e+00 0.000000000000000000e+00
1.700000000000000000e+02 4.060000000000000000e+02 9.948718261718750000e+01 0.000000000000000000e+00 0.000000000000000000e+00 0.000000000000000000e+00 3.000000000000000000e+00 0.000000000000000000e+00 0.000000000000000000e+00 3.000000000000000000e+00 2.000000000000000000e+00 0.000000000000000000e+00 0.000000000000000000e+00 0.000000000000000000e+00 0.000000000000000000e+00
1.710000000000000000e+02 4.070000000000000000e+02 9.813307189941406250e+01 0.000000000000000000e+00 0.000000000000000000e+00 0.000000000000000000e+00 3.000000000000000000e+00 0.000000000000000000e+00 0.000000000000000000e+00 3.000000000000000000e+00 2.000000000000000000e+00 0.000000000000000000e+00 0.000000000000000000e+00 0.000000000000000000e+00 0.000000000000000000e+00
1.720000000000000000e+02 4.080000000000000000e+02 8.968592071533203125e+01 0.000000000000000000e+00 0.000000000000000000e+00 0.000000000000000000e+00 3.000000000000000000e+00 0.000000000000000000e+00 0.000000000000000000e+00 3.000000000000000000e+00 2.000000000000000000e+00 0.000000000000000000e+00 0.000000000000000000e+00 0.000000000000000000e+00 0.000000000000000000e+00
1.730000000000000000e+02 4.090000000000000000e+02 8.236521911621093750e+01 0.000000000000000000e+00 0.000000000000000000e+00 0.000000000000000000e+00 3.000000000000000000e+00 0.000000000000000000e+00 0.000000000000000000e+00 3.000000000000000000e+00 2.000000000000000000e+00 0.000000000000000000e+00 0.000000000000000000e+00 0.000000000000000000e+00 0.000000000000000000e+00
1.740000000000000000e+02 4.100000000000000000e+02 7.101187896728515625e+01 0.000000000000000000e+00 0.000000000000000000e+00 0.000000000000000000e+00 3.000000000000000000e+00 0.000000000000000000e+00 0.000000000000000000e+00 3.000000000000000000e+00 2.000000000000000000e+00 0.000000000000000000e+00 0.000000000000000000e+00 0.000000000000000000e+00 0.000000000000000000e+00
1.750000000000000000e+02 4.110000000000000000e+02 6.655639648437500000e+01 0.000000000000000000e+00 0.000000000000000000e+00 0.000000000000000000e+00 3.000000000000000000e+00 0.000000000000000000e+00 0.000000000000000000e+00 3.000000000000000000e+00 2.000000000000000000e+00 0.000000000000000000e+00 0.000000000000000000e+00 0.000000000000000000e+00 0.000000000000000000e+00
1.760000000000000000e+02 4.120000000000000000e+02 6.565764617919921875e+01 0.000000000000000000e+00 0.000000000000000000e+00 0.000000000000000000e+00 3.000000000000000000e+00 0.000000000000000000e+00 0.000000000000000000e+00 3.000000000000000000e+00 2.000000000000000000e+00 0.000000000000000000e+00 0.000000000000000000e+00 0.000000000000000000e+00 0.000000000000000000e+00
1.770000000000000000e+02 4.130000000000000000e+02 6.957187652587890625e+01 0.000000000000000000e+00 0.000000000000000000e+00 0.000000000000000000e+00 3.000000000000000000e+00 0.000000000000000000e+00 0.000000000000000000e+00 3.000000000000000000e+00 2.000000000000000000e+00 0.000000000000000000e+00 0.000000000000000000e+00 0.000000000000000000e+00 0.000000000000000000e+00
1.780000000000000000e+02 4.140000000000000000e+02 6.647827911376953125e+01 0.000000000000000000e+00 0.000000000000000000e+00 0.000000000000000000e+00 3.000000000000000000e+00 0.000000000000000000e+00 0.000000000000000000e+00 3.000000000000000000e+00 2.000000000000000000e+00 0.000000000000000000e+00 0.000000000000000000e+00 0.000000000000000000e+00 0.000000000000000000e+00
1.790000000000000000e+02 4.150000000000000000e+02 5.477738571166992188e+01 0.000000000000000000e+00 0.000000000000000000e+00 0.000000000000000000e+00 3.000000000000000000e+00 0.000000000000000000e+00 0.000000000000000000e+00 3.000000000000000000e+00 2.000000000000000000e+00 0.000000000000000000e+00 0.000000000000000000e+00 0.000000000000000000e+00 0.000000000000000000e+00
