# pose.bones['Ball'].rotation_euler Z
# 
0.000000000000000000e+00 5.000000000000000000e+00 8.504093420924618840e-05 0.000000000000000000e+00 -2.466705322265625000e+01 1.620622992515563965e+00 2.000000000000000000e+00 2.028770446777343750e+01 -8.349930047988891602e-01 2.000000000000000000e+00 2.000000000000000000e+00 0.000000000000000000e+00 8.000000119209289551e-01 1.701580047607421875e+00 4.099999904632568359e+00
1.000000000000000000e+00 4.800000000000000000e+01 8.504093420924618840e-05 0.000000000000000000e+00 3.822770690917968750e+01 -8.480697274208068848e-01 2.000000000000000000e+00 5.201771545410156250e+01 3.487897813320159912e-01 2.000000000000000000e+00 2.000000000000000000e+00 0.000000000000000000e+00 8.000000119209289551e-01 1.701580047607421875e+00 4.099999904632568359e+00
2.000000000000000000e+00 6.600000000000000000e+01 8.504093420924618840e-05 0.000000000000000000e+00 6.209796142578125000e+01 3.397064805030822754e-01 2.000000000000000000e+00 8.568663787841796875e+01 -1.713379263877868652e+00 2.000000000000000000e+00 2.000000000000000000e+00 0.000000000000000000e+00 8.000000119209289551e-01 1.701580047607421875e+00 4.099999904632568359e+00
3.000000000000000000e+00 1.390000000000000000e+02 8.504093420924618840e-05 0.000000000000000000e+00 1.189291839599609375e+02 -1.631105542182922363e+00 2.000000000000000000e+00 1.459712219238281250e+02 5.666485428810119629e-01 2.000000000000000000e+00 2.000000000000000000e+00 0.000000000000000000e+00 8.000000119209289551e-01 1.701580047607421875e+00 4.099999904632568359e+00
4.000000000000000000e+00 1.670000000000000000e+02 8.504093420924618840e-05 0.000000000000000000e+00 1.595855865478515625e+02 6.380358934402465820e-01 2.000000000000000000e+00 1.829352722167968750e+02 -1.371017456054687500e+00 2.000000000000000000e+00 2.000000000000000000e+00 0.000000000000000000e+00 8.000000119209289551e-01 1.701580047607421875e+00 4.099999904632568359e+00
5.000000000000000000e+00 2.280000000000000000e+02 8.504093420924618840e-05 0.000000000000000000e+00 2.127979431152343750e+02 -1.348186135292053223e+00 2.000000000000000000e+00 2.309564666748046875e+02 2.622942030429840088e-01 2.000000000000000000e+00 2.000000000000000000e+00 0.000000000000000000e+00 8.000000119209289551e-01 1.701580047607421875e+00 4.099999904632568359e+00
6.000000000000000000e+00 2.460000000000000000e+02 8.504093420924618840e-05 0.000000000000000000e+00 2.429205932617187500e+02 2.931971251964569092e-01 2.000000000000000000e+00 2.737411193847656250e+02 -2.640442132949829102e+00 2.000000000000000000e+00 2.000000000000000000e+00 0.000000000000000000e+00 8.000000119209289551e-01 1.701580047607421875e+00 4.099999904632568359e+00
7.000000000000000000e+00 3.800000000000000000e+02 8.504093420924618840e-05 0.000000000000000000e+00 3.565439758300781250e+02 -1.128244161605834961e+00 2.000000000000000000e+00 3.900646972656250000e+02 4.842375218868255615e-01 2.000000000000000000e+00 2.000000000000000000e+00 0.000000000000000000e+00 8.000000119209289551e-01 1.701580047607421875e+00 4.099999904632568359e+00
