# pose.bones['Ball'].location X
# 
0.000000000000000000e+00 5.000000000000000000e+00 8.504092693328857422e-05 0.000000000000000000e+00 -2.466706085205078125e+01 -2.159866839647293091e-01 2.000000000000000000e+00 2.028770637512207031e+01 1.114287674427032471e-01 2.000000000000000000e+00 2.000000000000000000e+00 0.000000000000000000e+00 8.000000119209289551e-01 1.701580047607421875e+00 4.099999904632568359e+00
1.000000000000000000e+00 4.800000000000000000e+01 8.504092693328857422e-05 0.000000000000000000e+00 3.822770690917968750e+01 1.131723374128341675e-01 2.000000000000000000e+00 5.201771545410156250e+01 -4.640891402959823608e-02 2.000000000000000000e+00 2.000000000000000000e+00 0.000000000000000000e+00 8.000000119209289551e-01 1.701580047607421875e+00 4.099999904632568359e+00
2.000000000000000000e+00 6.600000000000000000e+01 8.504092693328857422e-05 0.000000000000000000e+00 6.209795379638671875e+01 -4.519782215356826782e-02 2.000000000000000000e+00 8.568663787841796875e+01 2.285465449094772339e-01 2.000000000000000000e+00 2.000000000000000000e+00 0.000000000000000000e+00 8.000000119209289551e-01 1.701580047607421875e+00 4.099999904632568359e+00
3.000000000000000000e+00 1.390000000000000000e+02 8.504092693328857422e-05 0.000000000000000000e+00 1.189291839599609375e+02 2.175770998001098633e-01 2.000000000000000000e+00 1.459712219238281250e+02 -7.545674592256546021e-02 2.000000000000000000e+00 2.000000000000000000e+00 0.000000000000000000e+00 8.000000119209289551e-01 1.701580047607421875e+00 4.099999904632568359e+00
4.000000000000000000e+00 1.670000000000000000e+02 8.504092693328857422e-05 0.000000000000000000e+00 1.595855865478515625e+02 -8.497507870197296143e-02 2.000000000000000000e+00 1.829352722167968750e+02 1.828987151384353638e-01 2.000000000000000000e+00 2.000000000000000000e+00 0.000000000000000000e+00 8.000000119209289551e-01 1.701580047607421875e+00 4.099999904632568359e+00
5.000000000000000000e+00 2.280000000000000000e+02 8.504092693328857422e-05 0.000000000000000000e+00 2.127979431152343750e+02 1.798544973134994507e-01 2.000000000000000000e+00 2.309564666748046875e+02 -3.487617522478103638e-02 2.000000000000000000e+00 2.000000000000000000e+00 0.000000000000000000e+00 8.000000119209289551e-01 1.701580047607421875e+00 4.099999904632568359e+00
6.000000000000000000e+00 2.460000000000000000e+02 8.504092693328857422e-05 0.000000000000000000e+00 2.429205932617187500e+02 -3.899656236171722412e-02 2.000000000000000000e+00 2.737411193847656250e+02 3.521552681922912598e-01 2.000000000000000000e+00 2.000000000000000000e+00 0.000000000000000000e+00 8.000000119209289551e-01 1.701580047607421875e+00 4.099999904632568359e+00
7.000000000000000000e+00 3.800000000000000000e+02 8.504092693328857422e-05 0.000000000000000000e+00 3.590254211425781250e+02 3.488197922706604004e-01 2.000000000000000000e+00 3.899989013671875000e+02 -1.661621183156967163e-01 2.000000000000000000e+00 2.000000000000000000e+00 0.000000000000000000e+00 8.000000119209289551e-01 1.701580047607421875e+00 4.099999904632568359e+00
