Ref: P1010261, Target:P1010259
Kept indexes: [0, 222, 223, 224, 389, 684, 687, 688, 720]
Kept pairs: [[0, 0], [188, 121], [189, 122], [190, 123], [337, 204], [483, 488], [486, 491], [487, 492], [518, 504]]
Corresponding times: [(81.0, 78.0), (269.0, 199.0), (270.0, 200.0), (271.0, 201.0), (418.0, 282.0), (564.0, 566.0), (567.0, 569.0), (568.0, 570.0), (599.0, 582.0)]
Discarded for being not constrained enough : [1, 3, 4, 7, 8, 9, 10, 12, 13, 15, 17, 18, 19, 20, 22, 25, 28, 29, 30, 31, 32, 33, 34, 35, 36, 37, 38, 39, 40, 41, 42, 43, 44, 45, 47, 48, 49, 50, 51, 52, 53, 54, 56, 57, 58, 59, 60, 61, 62, 65, 68, 73, 75, 76, 77, 78, 85, 102, 114, 119, 120, 123, 124, 125, 128, 131, 134, 138, 143, 146, 147, 148, 149, 163, 165, 166, 167, 212, 214, 216, 219, 229, 230, 236, 237, 238, 239, 240, 241, 242, 243, 244, 245, 246, 247, 248, 249, 250, 251, 252, 254, 255, 257, 260, 261, 265, 267, 268, 269, 273, 274, 275, 276, 277, 278, 279, 280, 281, 282, 284, 285, 286, 287, 289, 290, 291, 292, 293, 294, 295, 296, 297, 298, 299, 300, 301, 302, 303, 304, 305, 306, 307, 308, 310, 311, 312, 313, 317, 321, 323, 326, 329, 330, 334, 339, 340, 342, 343, 344, 345, 346, 347, 348, 349, 350, 351, 354, 355, 356, 357, 358, 359, 364, 366, 367, 370, 371, 372, 373, 375, 379, 383, 394, 395, 397, 399, 405, 406, 409, 412, 413, 417, 422, 424, 425, 426, 427, 428, 430, 432, 433, 434, 436, 439, 440, 441, 444, 445, 447, 448, 449, 450, 452, 453, 454, 455, 456, 458, 461, 462, 466, 469, 470, 472, 473, 474, 475, 476, 478, 479, 480, 483, 485, 486, 488, 489, 490, 493, 496, 497, 498, 501, 503, 504, 505, 506, 507, 508, 509, 510, 513, 518, 519, 521, 523, 524, 526, 528, 534, 535, 539, 540, 541, 542, 544, 545, 546, 547, 548, 549, 550, 551, 552, 553, 554, 555, 558, 559, 560, 561, 563, 564, 567, 570, 572, 573, 574, 575, 576, 577, 578, 580, 581, 582, 583, 584, 585, 589, 590, 592, 593, 594, 595, 598, 599, 601, 602, 603, 604, 606, 607, 608, 611, 615, 616, 617, 618, 623, 624, 627, 628, 631, 632, 633, 635, 636, 637, 638, 639, 640, 644, 646, 647, 648, 649, 650, 651, 652, 653, 654, 655, 656, 657, 658, 659, 662, 663, 664, 665, 667, 668, 669, 672, 681, 693, 695, 699, 701, 702, 703, 704, 705, 706, 707, 708, 709, 710, 711, 712, 714, 716, 718]
Discarded for being too far from ideal path : [91, 92, 386, 387]
Discarded for not being a local constraint maxima : [90, 93, 221, 225, 226, 390, 686, 689]
Best score: 194.7533605312314
Problematic indexes: []
Corresponding gradients: X=[] and Y=[]
Needed action: []