# pose.bones['Ball'].location Y
# 
0.000000000000000000e+00 2.000000000000000000e+00 5.465016365051269531e-01 0.000000000000000000e+00 -7.999625205993652344e+00 6.130983829498291016e-01 2.000000000000000000e+00 1.190718364715576172e+01 4.805205464363098145e-01 2.000000000000000000e+00 2.000000000000000000e+00 0.000000000000000000e+00 8.000000119209289551e-01 1.701580047607421875e+00 4.099999904632568359e+00
1.000000000000000000e+00 3.100000000000000000e+01 1.347464621067047119e-01 0.000000000000000000e+00 2.153052902221679688e+01 3.581285178661346436e-01 0.000000000000000000e+00 3.136621093750000000e+01 1.084505692124366760e-01 0.000000000000000000e+00 2.000000000000000000e+00 0.000000000000000000e+00 8.000000119209289551e-01 1.701580047607421875e+00 4.099999904632568359e+00
2.000000000000000000e+00 4.100000000000000000e+01 8.715716004371643066e-02 0.000000000000000000e+00 3.621708297729492188e+01 8.714262396097183228e-02 2.000000000000000000e+00 5.044122695922851562e+01 8.718585222959518433e-02 2.000000000000000000e+00 2.000000000000000000e+00 0.000000000000000000e+00 8.000000119209289551e-01 1.701580047607421875e+00 4.099999904632568359e+00
3.000000000000000000e+00 5.600000000000000000e+01 1.362477242946624756e-01 0.000000000000000000e+00 5.576296997070312500e+01 1.180216297507286072e-01 0.000000000000000000e+00 8.163430786132812500e+01 7.608608603477478027e-01 0.000000000000000000e+00 2.000000000000000000e+00 0.000000000000000000e+00 8.000000119209289551e-01 1.701580047607421875e+00 4.099999904632568359e+00
4.000000000000000000e+00 1.810000000000000000e+02 1.347464621067047119e-01 0.000000000000000000e+00 1.739508972167968750e+02 7.809716463088989258e-01 0.000000000000000000e+00 1.813662109375000000e+02 1.084505692124366760e-01 0.000000000000000000e+00 2.000000000000000000e+00 0.000000000000000000e+00 8.000000119209289551e-01 1.701580047607421875e+00 4.099999904632568359e+00
5.000000000000000000e+00 1.910000000000000000e+02 8.715716004371643066e-02 0.000000000000000000e+00 1.862170867919921875e+02 8.714262396097183228e-02 2.000000000000000000e+00 2.004412231445312500e+02 8.718585222959518433e-02 2.000000000000000000e+00 2.000000000000000000e+00 0.000000000000000000e+00 8.000000119209289551e-01 1.701580047607421875e+00 4.099999904632568359e+00
6.000000000000000000e+00 2.060000000000000000e+02 1.362477242946624756e-01 0.000000000000000000e+00 2.057629699707031250e+02 1.180216297507286072e-01 0.000000000000000000e+00 2.339217071533203125e+02 7.581847310066223145e-01 0.000000000000000000e+00 2.000000000000000000e+00 0.000000000000000000e+00 8.000000119209289551e-01 1.701580047607421875e+00 4.099999904632568359e+00
7.000000000000000000e+00 3.310000000000000000e+02 1.347464621067047119e-01 0.000000000000000000e+00 3.239508972167968750e+02 7.809716463088989258e-01 0.000000000000000000e+00 3.313662109375000000e+02 1.084505692124366760e-01 0.000000000000000000e+00 2.000000000000000000e+00 0.000000000000000000e+00 8.000000119209289551e-01 1.701580047607421875e+00 4.099999904632568359e+00
8.000000000000000000e+00 3.410000000000000000e+02 8.715716004371643066e-02 0.000000000000000000e+00 3.362171020507812500e+02 8.714262396097183228e-02 2.000000000000000000e+00 3.504412231445312500e+02 8.718585222959518433e-02 2.000000000000000000e+00 2.000000000000000000e+00 0.000000000000000000e+00 8.000000119209289551e-01 1.701580047607421875e+00 4.099999904632568359e+00
9.000000000000000000e+00 3.560000000000000000e+02 1.362477242946624756e-01 0.000000000000000000e+00 3.557629699707031250e+02 1.180216297507286072e-01 0.000000000000000000e+00 3.854466552734375000e+02 7.581847310066223145e-01 0.000000000000000000e+00 2.000000000000000000e+00 0.000000000000000000e+00 8.000000119209289551e-01 1.701580047607421875e+00 4.099999904632568359e+00
1.000000000000000000e+01 4.810000000000000000e+02 1.347464621067047119e-01 0.000000000000000000e+00 4.739508972167968750e+02 7.809716463088989258e-01 0.000000000000000000e+00 4.813662109375000000e+02 1.084505692124366760e-01 0.000000000000000000e+00 2.000000000000000000e+00 0.000000000000000000e+00 8.000000119209289551e-01 1.701580047607421875e+00 4.099999904632568359e+00
1.100000000000000000e+01 4.910000000000000000e+02 8.715716004371643066e-02 0.000000000000000000e+00 4.862171020507812500e+02 8.714262396097183228e-02 2.000000000000000000e+00 5.004412231445312500e+02 8.718585222959518433e-02 2.000000000000000000e+00 2.000000000000000000e+00 0.000000000000000000e+00 8.000000119209289551e-01 1.701580047607421875e+00 4.099999904632568359e+00
1.200000000000000000e+01 5.180000000000000000e+02 1.390934288501739502e-01 0.000000000000000000e+00 5.151369628906250000e+02 1.390934288501739502e-01 2.000000000000000000e+00 5.229254150390625000e+02 1.390934288501739502e-01 2.000000000000000000e+00 2.000000000000000000e+00 0.000000000000000000e+00 8.000000119209289551e-01 1.701580047607421875e+00 4.099999904632568359e+00
1.300000000000000000e+01 6.000000000000000000e+02 1.389999985694885254e-01 0.000000000000000000e+00 5.726666870117187500e+02 1.389999985694885254e-01 4.000000000000000000e+00 6.273333129882812500e+02 1.389999985694885254e-01 4.000000000000000000e+00 2.000000000000000000e+00 0.000000000000000000e+00 8.000000119209289551e-01 1.701580047607421875e+00 4.099999904632568359e+00
