Ref: P1010261, Target:P1010260
Kept indexes: [0, 119, 413, 418, 604, 717]
Kept pairs: [[0, 0], [64, 107], [186, 385], [190, 390], [335, 528], [411, 628]]
Corresponding times: [(81.0, 151.0), (145.0, 258.0), (267.0, 536.0), (271.0, 541.0), (416.0, 679.0), (492.0, 779.0)]
Discarded for being not constrained enough : [1, 3, 4, 7, 8, 11, 12, 13, 14, 15, 16, 17, 18, 19, 20, 23, 24, 25, 26, 28, 29, 30, 32, 33, 34, 38, 40, 41, 44, 45, 47, 48, 50, 51, 52, 53, 54, 55, 56, 57, 58, 59, 60, 61, 63, 64, 65, 66, 67, 68, 70, 73, 74, 75, 77, 78, 79, 80, 85, 86, 88, 89, 90, 91, 92, 93, 94, 96, 97, 98, 99, 100, 101, 102, 103, 104, 105, 106, 108, 110, 111, 113, 125, 126, 128, 129, 130, 131, 132, 133, 136, 137, 138, 141, 144, 146, 147, 152, 155, 156, 157, 158, 159, 160, 161, 162, 163, 164, 166, 168, 170, 172, 174, 179, 182, 183, 185, 202, 203, 204, 205, 206, 207, 208, 209, 211, 217, 218, 230, 231, 232, 233, 247, 258, 259, 272, 275, 287, 290, 291, 293, 294, 295, 296, 297, 298, 299, 300, 301, 302, 304, 305, 306, 307, 311, 312, 314, 319, 323, 326, 328, 329, 330, 331, 332, 333, 334, 337, 338, 341, 344, 349, 353, 355, 356, 361, 363, 364, 365, 367, 368, 369, 371, 408, 410, 415, 422, 424, 426, 427, 428, 429, 431, 432, 433, 439, 440, 441, 443, 446, 484, 485, 507, 530, 541, 542, 543, 544, 545, 546, 547, 548, 549, 551, 552, 553, 554, 555, 556, 557, 558, 560, 576, 578, 581, 584, 587, 588, 591, 593, 594, 597, 598, 599, 607, 612, 615, 617, 619, 622, 623, 625, 627, 629, 633, 634, 635, 637, 639, 643, 644, 645, 648, 651, 652, 653, 655, 657, 658, 659, 661, 662, 663, 666, 670, 671, 676, 677, 680, 682, 684, 685, 686, 687, 688, 689, 690, 691, 692, 694, 696, 697, 702, 703, 707, 709, 711, 712]
Discarded for being too far from ideal path : []
Discarded for not being a local constraint maxima : [116, 117, 118, 120, 121, 417, 419, 602, 603, 605]
Best score: 141.29437130698852
Problematic indexes: []
Corresponding gradients: X=[] and Y=[]
Needed action: []