# ['sprite frame'] X
# 
0.000000000000000000e+00 1.000000000000000000e+00 9.000000000000000000e+00 0.000000000000000000e+00 -3.133333206176757812e+01 9.000000000000000000e+00 4.000000000000000000e+00 3.333333206176757812e+01 9.000000000000000000e+00 4.000000000000000000e+00 0.000000000000000000e+00 0.000000000000000000e+00 8.000000119209289551e-01 1.701580047607421875e+00 4.099999904632568359e+00
1.000000000000000000e+00 9.800000000000000000e+01 0.000000000000000000e+00 0.000000000000000000e+00 6.566667175292968750e+01 0.000000000000000000e+00 4.000000000000000000e+00 1.000000000000000000e+02 0.000000000000000000e+00 4.000000000000000000e+00 0.000000000000000000e+00 0.000000000000000000e+00 8.000000119209289551e-01 1.701580047607421875e+00 4.099999904632568359e+00
2.000000000000000000e+00 1.040000000000000000e+02 1.000000000000000000e+00 0.000000000000000000e+00 1.020000000000000000e+02 5.773584842681884766e-01 4.000000000000000000e+00 1.060000000000000000e+02 1.422641515731811523e+00 4.000000000000000000e+00 0.000000000000000000e+00 0.000000000000000000e+00 8.000000119209289551e-01 1.701580047607421875e+00 4.099999904632568359e+00
3.000000000000000000e+00 1.100000000000000000e+02 2.000000000000000000e+00 0.000000000000000000e+00 1.080000000000000000e+02 1.690566062927246094e+00 4.000000000000000000e+00 1.120000000000000000e+02 2.309433937072753906e+00 4.000000000000000000e+00 0.000000000000000000e+00 0.000000000000000000e+00 8.000000119209289551e-01 1.701580047607421875e+00 4.099999904632568359e+00
4.000000000000000000e+00 1.160000000000000000e+02 3.000000000000000000e+00 0.000000000000000000e+00 1.140000000000000000e+02 2.660377264022827148e+00 4.000000000000000000e+00 1.180000000000000000e+02 3.339622735977172852e+00 4.000000000000000000e+00 0.000000000000000000e+00 0.000000000000000000e+00 8.000000119209289551e-01 1.701580047607421875e+00 4.099999904632568359e+00
5.000000000000000000e+00 1.220000000000000000e+02 4.000000000000000000e+00 0.000000000000000000e+00 1.200000000000000000e+02 3.667924404144287109e+00 4.000000000000000000e+00 1.240000000000000000e+02 4.332075595855712891e+00 4.000000000000000000e+00 0.000000000000000000e+00 0.000000000000000000e+00 8.000000119209289551e-01 1.701580047607421875e+00 4.099999904632568359e+00
6.000000000000000000e+00 1.280000000000000000e+02 5.000000000000000000e+00 0.000000000000000000e+00 1.260000000000000000e+02 4.667924404144287109e+00 4.000000000000000000e+00 1.300000000000000000e+02 5.332075595855712891e+00 4.000000000000000000e+00 0.000000000000000000e+00 0.000000000000000000e+00 8.000000119209289551e-01 1.701580047607421875e+00 4.099999904632568359e+00
7.000000000000000000e+00 1.340000000000000000e+02 6.000000000000000000e+00 0.000000000000000000e+00 1.320000000000000000e+02 5.660377502441406250e+00 4.000000000000000000e+00 1.360000000000000000e+02 6.339622497558593750e+00 4.000000000000000000e+00 0.000000000000000000e+00 0.000000000000000000e+00 8.000000119209289551e-01 1.701580047607421875e+00 4.099999904632568359e+00
8.000000000000000000e+00 1.400000000000000000e+02 7.000000000000000000e+00 0.000000000000000000e+00 1.380000000000000000e+02 6.690566062927246094e+00 4.000000000000000000e+00 1.420000000000000000e+02 7.309433937072753906e+00 4.000000000000000000e+00 0.000000000000000000e+00 0.000000000000000000e+00 8.000000119209289551e-01 1.701580047607421875e+00 4.099999904632568359e+00
9.000000000000000000e+00 1.460000000000000000e+02 8.000000000000000000e+00 0.000000000000000000e+00 1.440000000000000000e+02 7.577358245849609375e+00 4.000000000000000000e+00 1.480000000000000000e+02 8.422641754150390625e+00 4.000000000000000000e+00 0.000000000000000000e+00 0.000000000000000000e+00 8.000000119209289551e-01 1.701580047607421875e+00 4.099999904632568359e+00
1.000000000000000000e+01 1.520000000000000000e+02 9.000000000000000000e+00 0.000000000000000000e+00 1.500000000000000000e+02 9.000000000000000000e+00 4.000000000000000000e+00 1.636666717529296875e+02 9.000000000000000000e+00 4.000000000000000000e+00 0.000000000000000000e+00 0.000000000000000000e+00 8.000000119209289551e-01 1.701580047607421875e+00 4.099999904632568359e+00
1.100000000000000000e+01 1.870000000000000000e+02 0.000000000000000000e+00 0.000000000000000000e+00 1.753333282470703125e+02 0.000000000000000000e+00 4.000000000000000000e+00 1.890000000000000000e+02 0.000000000000000000e+00 4.000000000000000000e+00 0.000000000000000000e+00 0.000000000000000000e+00 8.000000119209289551e-01 1.701580047607421875e+00 4.099999904632568359e+00
1.200000000000000000e+01 1.930000000000000000e+02 1.000000000000000000e+00 0.000000000000000000e+00 1.910000000000000000e+02 5.773584842681884766e-01 4.000000000000000000e+00 1.950000000000000000e+02 1.422641515731811523e+00 4.000000000000000000e+00 0.000000000000000000e+00 0.000000000000000000e+00 8.000000119209289551e-01 1.701580047607421875e+00 4.099999904632568359e+00
1.300000000000000000e+01 1.990000000000000000e+02 2.000000000000000000e+00 0.000000000000000000e+00 1.970000000000000000e+02 1.690566062927246094e+00 4.000000000000000000e+00 2.010000000000000000e+02 2.309433937072753906e+00 4.000000000000000000e+00 0.000000000000000000e+00 0.000000000000000000e+00 8.000000119209289551e-01 1.701580047607421875e+00 4.099999904632568359e+00
1.400000000000000000e+01 2.050000000000000000e+02 3.000000000000000000e+00 0.000000000000000000e+00 2.030000000000000000e+02 2.660377264022827148e+00 4.000000000000000000e+00 2.070000000000000000e+02 3.339622735977172852e+00 4.000000000000000000e+00 0.000000000000000000e+00 0.000000000000000000e+00 8.000000119209289551e-01 1.701580047607421875e+00 4.099999904632568359e+00
1.500000000000000000e+01 2.110000000000000000e+02 4.000000000000000000e+00 0.000000000000000000e+00 2.090000000000000000e+02 3.667924404144287109e+00 4.000000000000000000e+00 2.130000000000000000e+02 4.332075595855712891e+00 4.000000000000000000e+00 0.000000000000000000e+00 0.000000000000000000e+00 8.000000119209289551e-01 1.701580047607421875e+00 4.099999904632568359e+00
1.600000000000000000e+01 2.170000000000000000e+02 5.000000000000000000e+00 0.000000000000000000e+00 2.150000000000000000e+02 4.667924404144287109e+00 4.000000000000000000e+00 2.190000000000000000e+02 5.332075595855712891e+00 4.000000000000000000e+00 0.000000000000000000e+00 0.000000000000000000e+00 8.000000119209289551e-01 1.701580047607421875e+00 4.099999904632568359e+00
1.700000000000000000e+01 2.230000000000000000e+02 6.000000000000000000e+00 0.000000000000000000e+00 2.210000000000000000e+02 5.660377502441406250e+00 4.000000000000000000e+00 2.250000000000000000e+02 6.339622497558593750e+00 4.000000000000000000e+00 0.000000000000000000e+00 0.000000000000000000e+00 8.000000119209289551e-01 1.701580047607421875e+00 4.099999904632568359e+00
1.800000000000000000e+01 2.290000000000000000e+02 7.000000000000000000e+00 0.000000000000000000e+00 2.270000000000000000e+02 6.690566062927246094e+00 4.000000000000000000e+00 2.310000000000000000e+02 7.309433937072753906e+00 4.000000000000000000e+00 0.000000000000000000e+00 0.000000000000000000e+00 8.000000119209289551e-01 1.701580047607421875e+00 4.099999904632568359e+00
1.900000000000000000e+01 2.350000000000000000e+02 8.000000000000000000e+00 0.000000000000000000e+00 2.330000000000000000e+02 7.577358245849609375e+00 4.000000000000000000e+00 2.370000000000000000e+02 8.422641754150390625e+00 4.000000000000000000e+00 0.000000000000000000e+00 0.000000000000000000e+00 8.000000119209289551e-01 1.701580047607421875e+00 4.099999904632568359e+00
2.000000000000000000e+01 2.410000000000000000e+02 9.000000000000000000e+00 0.000000000000000000e+00 2.390000000000000000e+02 9.000000000000000000e+00 4.000000000000000000e+00 2.430000000000000000e+02 9.000000000000000000e+00 4.000000000000000000e+00 0.000000000000000000e+00 0.000000000000000000e+00 8.000000119209289551e-01 1.701580047607421875e+00 4.099999904632568359e+00
