Ref: P1010261, Target:P1010263
Kept indexes: [0, 66, 68, 69, 370, 375, 556, 559, 562, 854, 1037, 1084]
Kept pairs: [[0, 0], [63, 13], [64, 15], [65, 16], [186, 304], [189, 309], [332, 444], [335, 447], [338, 450], [483, 730], [634, 858], [666, 900]]
Corresponding times: [(81.0, 259.0), (144.0, 272.0), (145.0, 274.0), (146.0, 275.0), (267.0, 563.0), (270.0, 568.0), (413.0, 703.0), (416.0, 706.0), (419.0, 709.0), (564.0, 989.0), (715.0, 1117.0), (747.0, 1159.0)]
Discarded for being not constrained enough : [2, 3, 4, 5, 6, 7, 8, 9, 10, 11, 12, 13, 14, 15, 16, 17, 20, 21, 22, 24, 25, 26, 27, 28, 29, 30, 31, 32, 33, 34, 35, 36, 37, 38, 39, 40, 41, 42, 43, 44, 45, 46, 47, 48, 49, 50, 54, 55, 61, 63, 73, 77, 78, 80, 81, 82, 83, 84, 85, 86, 87, 88, 90, 92, 104, 105, 107, 108, 109, 110, 115, 119, 123, 124, 125, 128, 131, 132, 133, 134, 135, 137, 138, 139, 141, 143, 145, 146, 147, 149, 150, 151, 154, 155, 156, 157, 158, 159, 160, 161, 162, 163, 165, 166, 167, 168, 169, 172, 173, 174, 175, 176, 177, 178, 180, 181, 182, 183, 184, 185, 186, 187, 188, 189, 190, 192, 193, 194, 195, 196, 197, 198, 199, 200, 202, 203, 204, 205, 206, 212, 216, 218, 220, 222, 242, 243, 245, 246, 248, 250, 261, 263, 264, 265, 266, 267, 268, 269, 271, 275, 276, 277, 279, 281, 282, 283, 284, 285, 286, 287, 288, 289, 290, 291, 292, 293, 295, 296, 297, 298, 299, 300, 301, 302, 304, 305, 307, 308, 309, 310, 311, 313, 314, 315, 316, 317, 318, 320, 321, 323, 324, 325, 326, 327, 328, 329, 330, 331, 332, 333, 335, 336, 337, 341, 342, 343, 344, 345, 349, 351, 352, 355, 359, 361, 380, 382, 385, 386, 388, 390, 391, 392, 393, 394, 396, 398, 401, 406, 408, 409, 412, 414, 415, 416, 420, 422, 423, 424, 427, 428, 429, 430, 431, 432, 433, 435, 436, 438, 440, 441, 448, 450, 454, 455, 457, 458, 459, 460, 461, 462, 464, 465, 466, 467, 468, 469, 470, 471, 472, 473, 474, 475, 482, 484, 485, 488, 491, 497, 499, 501, 503, 505, 506, 507, 510, 512, 515, 517, 519, 521, 523, 526, 527, 535, 538, 539, 544, 546, 549, 552, 554, 565, 567, 568, 569, 571, 572, 574, 576, 578, 579, 582, 583, 586, 587, 588, 589, 590, 591, 592, 595, 597, 598, 599, 600, 601, 602, 603, 605, 606, 607, 608, 609, 612, 613, 614, 615, 616, 617, 618, 619, 624, 649, 650, 692, 693, 695, 697, 699, 700, 706, 707, 709, 714, 715, 716, 717, 719, 726, 727, 728, 729, 731, 732, 733, 734, 736, 739, 740, 741, 742, 743, 750, 755, 757, 758, 759, 761, 762, 763, 764, 767, 768, 773, 775, 788, 789, 791, 793, 794, 795, 796, 807, 811, 815, 821, 831, 839, 841, 842, 844, 845, 847, 848, 849, 850, 859, 861, 866, 871, 872, 873, 874, 876, 878, 880, 884, 886, 890, 892, 893, 895, 898, 900, 902, 903, 906, 908, 909, 912, 916, 919, 920, 922, 926, 927, 929, 933, 935, 939, 941, 942, 946, 947, 948, 949, 950, 951, 952, 954, 955, 958, 959, 960, 962, 963, 966, 967, 968, 969, 970, 972, 973, 974, 976, 979, 981, 982, 983, 984, 985, 986, 987, 988, 989, 990, 991, 992, 994, 995, 996, 997, 998, 999, 1002, 1003, 1006, 1009, 1010, 1011, 1012, 1013, 1014, 1015, 1016, 1017, 1018, 1019, 1023, 1024, 1026, 1027, 1031, 1041, 1043, 1047, 1049, 1053, 1057, 1058, 1060, 1064, 1067, 1069, 1071, 1072, 1073, 1075, 1076, 1078, 1082]
Discarded for being too far from ideal path : []
Discarded for not being a local constraint maxima : [67, 70, 369, 372, 373, 374, 376, 377, 378, 557, 558, 560, 561, 855, 856, 857, 1034, 1035, 1036, 1038, 1039]
Best score: 251.93135918629238
Problematic indexes: []
Corresponding gradients: X=[] and Y=[]
Needed action: []