# Location Y
# 
0.000000000000000000e+00 3.100000000000000000e+01 -7.014925290421176740e-01 0.000000000000000000e+00 0.000000000000000000e+00 0.000000000000000000e+00 3.000000000000000000e+00 0.000000000000000000e+00 0.000000000000000000e+00 3.000000000000000000e+00 2.000000000000000000e+00 0.000000000000000000e+00 0.000000000000000000e+00 0.000000000000000000e+00 0.000000000000000000e+00
1.000000000000000000e+00 3.200000000000000000e+01 -6.497076659553113753e-01 0.000000000000000000e+00 0.000000000000000000e+00 0.000000000000000000e+00 3.000000000000000000e+00 0.000000000000000000e+00 0.000000000000000000e+00 3.000000000000000000e+00 2.000000000000000000e+00 0.000000000000000000e+00 0.000000000000000000e+00 0.000000000000000000e+00 0.000000000000000000e+00
2.000000000000000000e+00 3.300000000000000000e+01 -5.883328513399916915e-01 0.000000000000000000e+00 0.000000000000000000e+00 0.000000000000000000e+00 3.000000000000000000e+00 0.000000000000000000e+00 0.000000000000000000e+00 3.000000000000000000e+00 2.000000000000000000e+00 0.000000000000000000e+00 0.000000000000000000e+00 0.000000000000000000e+00 0.000000000000000000e+00
3.000000000000000000e+00 3.400000000000000000e+01 -5.118401663174254601e-01 0.000000000000000000e+00 0.000000000000000000e+00 0.000000000000000000e+00 3.000000000000000000e+00 0.000000000000000000e+00 0.000000000000000000e+00 3.000000000000000000e+00 2.000000000000000000e+00 0.000000000000000000e+00 0.000000000000000000e+00 0.000000000000000000e+00 0.000000000000000000e+00
4.000000000000000000e+00 3.500000000000000000e+01 -4.271605433981353062e-01 0.000000000000000000e+00 0.000000000000000000e+00 0.000000000000000000e+00 3.000000000000000000e+00 0.000000000000000000e+00 0.000000000000000000e+00 3.000000000000000000e+00 2.000000000000000000e+00 0.000000000000000000e+00 0.000000000000000000e+00 0.000000000000000000e+00 0.000000000000000000e+00
5.000000000000000000e+00 3.600000000000000000e+01 -3.633913042257032044e-01 0.000000000000000000e+00 0.000000000000000000e+00 0.000000000000000000e+00 3.000000000000000000e+00 0.000000000000000000e+00 0.000000000000000000e+00 3.000000000000000000e+00 2.000000000000000000e+00 0.000000000000000000e+00 0.000000000000000000e+00 0.000000000000000000e+00 0.000000000000000000e+00
6.000000000000000000e+00 3.700000000000000000e+01 -3.201724635433257360e-01 0.000000000000000000e+00 0.000000000000000000e+00 0.000000000000000000e+00 3.000000000000000000e+00 0.000000000000000000e+00 0.000000000000000000e+00 3.000000000000000000e+00 2.000000000000000000e+00 0.000000000000000000e+00 0.000000000000000000e+00 0.000000000000000000e+00 0.000000000000000000e+00
7.000000000000000000e+00 3.800000000000000000e+01 -2.646664691138705949e-01 0.000000000000000000e+00 0.000000000000000000e+00 0.000000000000000000e+00 3.000000000000000000e+00 0.000000000000000000e+00 0.000000000000000000e+00 3.000000000000000000e+00 2.000000000000000000e+00 0.000000000000000000e+00 0.000000000000000000e+00 0.000000000000000000e+00 0.000000000000000000e+00
8.000000000000000000e+00 3.900000000000000000e+01 -2.091249436359755576e-01 0.000000000000000000e+00 0.000000000000000000e+00 0.000000000000000000e+00 3.000000000000000000e+00 0.000000000000000000e+00 0.000000000000000000e+00 3.000000000000000000e+00 2.000000000000000000e+00 0.000000000000000000e+00 0.000000000000000000e+00 0.000000000000000000e+00 0.000000000000000000e+00
9.000000000000000000e+00 4.000000000000000000e+01 -1.593776104735993848e-01 0.000000000000000000e+00 0.000000000000000000e+00 0.000000000000000000e+00 3.000000000000000000e+00 0.000000000000000000e+00 0.000000000000000000e+00 3.000000000000000000e+00 2.000000000000000000e+00 0.000000000000000000e+00 0.000000000000000000e+00 0.000000000000000000e+00 0.000000000000000000e+00
1.000000000000000000e+01 4.100000000000000000e+01 -1.138574033041425959e-01 0.000000000000000000e+00 0.000000000000000000e+00 0.000000000000000000e+00 3.000000000000000000e+00 0.000000000000000000e+00 0.000000000000000000e+00 3.000000000000000000e+00 2.000000000000000000e+00 0.000000000000000000e+00 0.000000000000000000e+00 0.000000000000000000e+00 0.000000000000000000e+00
1.100000000000000000e+01 4.200000000000000000e+01 -9.189609639252230289e-02 0.000000000000000000e+00 0.000000000000000000e+00 0.000000000000000000e+00 3.000000000000000000e+00 0.000000000000000000e+00 0.000000000000000000e+00 3.000000000000000000e+00 2.000000000000000000e+00 0.000000000000000000e+00 0.000000000000000000e+00 0.000000000000000000e+00 0.000000000000000000e+00
1.200000000000000000e+01 4.300000000000000000e+01 -1.021664881853876911e-01 0.000000000000000000e+00 0.000000000000000000e+00 0.000000000000000000e+00 3.000000000000000000e+00 0.000000000000000000e+00 0.000000000000000000e+00 3.000000000000000000e+00 2.000000000000000000e+00 0.000000000000000000e+00 0.000000000000000000e+00 0.000000000000000000e+00 0.000000000000000000e+00
1.300000000000000000e+01 4.400000000000000000e+01 -6.741356078290064446e-02 0.000000000000000000e+00 0.000000000000000000e+00 0.000000000000000000e+00 3.000000000000000000e+00 0.000000000000000000e+00 0.000000000000000000e+00 3.000000000000000000e+00 2.000000000000000000e+00 0.000000000000000000e+00 0.000000000000000000e+00 0.000000000000000000e+00 0.000000000000000000e+00
1.400000000000000000e+01 4.500000000000000000e+01 -2.587634029293825466e-02 0.000000000000000000e+00 0.000000000000000000e+00 0.000000000000000000e+00 3.000000000000000000e+00 0.000000000000000000e+00 0.000000000000000000e+00 3.000000000000000000e+00 2.000000000000000000e+00 0.000000000000000000e+00 0.000000000000000000e+00 0.000000000000000000e+00 0.000000000000000000e+00
1.500000000000000000e+01 4.600000000000000000e+01 2.991981491302753843e-02 0.000000000000000000e+00 0.000000000000000000e+00 0.000000000000000000e+00 3.000000000000000000e+00 0.000000000000000000e+00 0.000000000000000000e+00 3.000000000000000000e+00 2.000000000000000000e+00 0.000000000000000000e+00 0.000000000000000000e+00 0.000000000000000000e+00 0.000000000000000000e+00
1.600000000000000000e+01 4.700000000000000000e+01 8.590198063906567816e-02 0.000000000000000000e+00 0.000000000000000000e+00 0.000000000000000000e+00 3.000000000000000000e+00 0.000000000000000000e+00 0.000000000000000000e+00 3.000000000000000000e+00 2.000000000000000000e+00 0.000000000000000000e+00 0.000000000000000000e+00 0.000000000000000000e+00 0.000000000000000000e+00
1.700000000000000000e+01 4.800000000000000000e+01 1.375514337239607809e-01 0.000000000000000000e+00 0.000000000000000000e+00 0.000000000000000000e+00 3.000000000000000000e+00 0.000000000000000000e+00 0.000000000000000000e+00 3.000000000000000000e+00 2.000000000000000000e+00 0.000000000000000000e+00 0.000000000000000000e+00 0.000000000000000000e+00 0.000000000000000000e+00
1.800000000000000000e+01 4.900000000000000000e+01 1.731436163485626234e-01 0.000000000000000000e+00 0.000000000000000000e+00 0.000000000000000000e+00 3.000000000000000000e+00 0.000000000000000000e+00 0.000000000000000000e+00 3.000000000000000000e+00 2.000000000000000000e+00 0.000000000000000000e+00 0.000000000000000000e+00 0.000000000000000000e+00 0.000000000000000000e+00
1.900000000000000000e+01 5.000000000000000000e+01 2.261514678107109655e-01 0.000000000000000000e+00 0.000000000000000000e+00 0.000000000000000000e+00 3.000000000000000000e+00 0.000000000000000000e+00 0.000000000000000000e+00 3.000000000000000000e+00 2.000000000000000000e+00 0.000000000000000000e+00 0.000000000000000000e+00 0.000000000000000000e+00 0.000000000000000000e+00
2.000000000000000000e+01 5.100000000000000000e+01 3.334126519257996080e-01 0.000000000000000000e+00 0.000000000000000000e+00 0.000000000000000000e+00 3.000000000000000000e+00 0.000000000000000000e+00 0.000000000000000000e+00 3.000000000000000000e+00 2.000000000000000000e+00 0.000000000000000000e+00 0.000000000000000000e+00 0.000000000000000000e+00 0.000000000000000000e+00
2.100000000000000000e+01 5.200000000000000000e+01 5.663566042905042730e-01 0.000000000000000000e+00 0.000000000000000000e+00 0.000000000000000000e+00 3.000000000000000000e+00 0.000000000000000000e+00 0.000000000000000000e+00 3.000000000000000000e+00 2.000000000000000000e+00 0.000000000000000000e+00 0.000000000000000000e+00 0.000000000000000000e+00 0.000000000000000000e+00
2.200000000000000000e+01 5.300000000000000000e+01 8.910974813071916856e-01 0.000000000000000000e+00 0.000000000000000000e+00 0.000000000000000000e+00 3.000000000000000000e+00 0.000000000000000000e+00 0.000000000000000000e+00 3.000000000000000000e+00 2.000000000000000000e+00 0.000000000000000000e+00 0.000000000000000000e+00 0.000000000000000000e+00 0.000000000000000000e+00
2.300000000000000000e+01 5.400000000000000000e+01 1.314950544874208260e+00 0.000000000000000000e+00 0.000000000000000000e+00 0.000000000000000000e+00 3.000000000000000000e+00 0.000000000000000000e+00 0.000000000000000000e+00 3.000000000000000000e+00 2.000000000000000000e+00 0.000000000000000000e+00 0.000000000000000000e+00 0.000000000000000000e+00 0.000000000000000000e+00
2.400000000000000000e+01 5.500000000000000000e+01 1.725881825061990726e+00 0.000000000000000000e+00 0.000000000000000000e+00 0.000000000000000000e+00 3.000000000000000000e+00 0.000000000000000000e+00 0.000000000000000000e+00 3.000000000000000000e+00 2.000000000000000000e+00 0.000000000000000000e+00 0.000000000000000000e+00 0.000000000000000000e+00 0.000000000000000000e+00
2.500000000000000000e+01 5.600000000000000000e+01 2.008418490959648306e+00 0.000000000000000000e+00 0.000000000000000000e+00 0.000000000000000000e+00 3.000000000000000000e+00 0.000000000000000000e+00 0.000000000000000000e+00 3.000000000000000000e+00 2.000000000000000000e+00 0.000000000000000000e+00 0.000000000000000000e+00 0.000000000000000000e+00 0.000000000000000000e+00
2.600000000000000000e+01 5.700000000000000000e+01 2.179055780630510419e+00 0.000000000000000000e+00 0.000000000000000000e+00 0.000000000000000000e+00 3.000000000000000000e+00 0.000000000000000000e+00 0.000000000000000000e+00 3.000000000000000000e+00 2.000000000000000000e+00 0.000000000000000000e+00 0.000000000000000000e+00 0.000000000000000000e+00 0.000000000000000000e+00
2.700000000000000000e+01 5.800000000000000000e+01 2.307551691132267102e+00 0.000000000000000000e+00 0.000000000000000000e+00 0.000000000000000000e+00 3.000000000000000000e+00 0.000000000000000000e+00 0.000000000000000000e+00 3.000000000000000000e+00 2.000000000000000000e+00 0.000000000000000000e+00 0.000000000000000000e+00 0.000000000000000000e+00 0.000000000000000000e+00
2.800000000000000000e+01 5.900000000000000000e+01 2.429204221268083774e+00 0.000000000000000000e+00 0.000000000000000000e+00 0.000000000000000000e+00 3.000000000000000000e+00 0.000000000000000000e+00 0.000000000000000000e+00 3.000000000000000000e+00 2.000000000000000000e+00 0.000000000000000000e+00 0.000000000000000000e+00 0.000000000000000000e+00 0.000000000000000000e+00
2.900000000000000000e+01 6.000000000000000000e+01 2.548395757456525690e+00 0.000000000000000000e+00 0.000000000000000000e+00 0.000000000000000000e+00 3.000000000000000000e+00 0.000000000000000000e+00 0.000000000000000000e+00 3.000000000000000000e+00 2.000000000000000000e+00 0.000000000000000000e+00 0.000000000000000000e+00 0.000000000000000000e+00 0.000000000000000000e+00
3.000000000000000000e+01 6.100000000000000000e+01 2.709115266494073637e+00 0.000000000000000000e+00 0.000000000000000000e+00 0.000000000000000000e+00 3.000000000000000000e+00 0.000000000000000000e+00 0.000000000000000000e+00 3.000000000000000000e+00 2.000000000000000000e+00 0.000000000000000000e+00 0.000000000000000000e+00 0.000000000000000000e+00 0.000000000000000000e+00
3.100000000000000000e+01 6.200000000000000000e+01 2.879343699053707351e+00 0.000000000000000000e+00 0.000000000000000000e+00 0.000000000000000000e+00 3.000000000000000000e+00 0.000000000000000000e+00 0.000000000000000000e+00 3.000000000000000000e+00 2.000000000000000000e+00 0.000000000000000000e+00 0.000000000000000000e+00 0.000000000000000000e+00 0.000000000000000000e+00
3.200000000000000000e+01 6.300000000000000000e+01 3.018954038212648516e+00 0.000000000000000000e+00 0.000000000000000000e+00 0.000000000000000000e+00 3.000000000000000000e+00 0.000000000000000000e+00 0.000000000000000000e+00 3.000000000000000000e+00 2.000000000000000000e+00 0.000000000000000000e+00 0.000000000000000000e+00 0.000000000000000000e+00 0.000000000000000000e+00
3.300000000000000000e+01 6.400000000000000000e+01 3.072469756600954671e+00 0.000000000000000000e+00 0.000000000000000000e+00 0.000000000000000000e+00 3.000000000000000000e+00 0.000000000000000000e+00 0.000000000000000000e+00 3.000000000000000000e+00 2.000000000000000000e+00 0.000000000000000000e+00 0.000000000000000000e+00 0.000000000000000000e+00 0.000000000000000000e+00
3.400000000000000000e+01 6.500000000000000000e+01 3.050675524462900690e+00 0.000000000000000000e+00 0.000000000000000000e+00 0.000000000000000000e+00 3.000000000000000000e+00 0.000000000000000000e+00 0.000000000000000000e+00 3.000000000000000000e+00 2.000000000000000000e+00 0.000000000000000000e+00 0.000000000000000000e+00 0.000000000000000000e+00 0.000000000000000000e+00
3.500000000000000000e+01 6.600000000000000000e+01 3.039201263229553529e+00 0.000000000000000000e+00 0.000000000000000000e+00 0.000000000000000000e+00 3.000000000000000000e+00 0.000000000000000000e+00 0.000000000000000000e+00 3.000000000000000000e+00 2.000000000000000000e+00 0.000000000000000000e+00 0.000000000000000000e+00 0.000000000000000000e+00 0.000000000000000000e+00
3.600000000000000000e+01 6.700000000000000000e+01 3.012802822635554989e+00 0.000000000000000000e+00 0.000000000000000000e+00 0.000000000000000000e+00 3.000000000000000000e+00 0.000000000000000000e+00 0.000000000000000000e+00 3.000000000000000000e+00 2.000000000000000000e+00 0.000000000000000000e+00 0.000000000000000000e+00 0.000000000000000000e+00 0.000000000000000000e+00
3.700000000000000000e+01 6.800000000000000000e+01 3.008231974138968479e+00 0.000000000000000000e+00 0.000000000000000000e+00 0.000000000000000000e+00 3.000000000000000000e+00 0.000000000000000000e+00 0.000000000000000000e+00 3.000000000000000000e+00 2.000000000000000000e+00 0.000000000000000000e+00 0.000000000000000000e+00 0.000000000000000000e+00 0.000000000000000000e+00
3.800000000000000000e+01 6.900000000000000000e+01 3.027266479207105565e+00 0.000000000000000000e+00 0.000000000000000000e+00 0.000000000000000000e+00 3.000000000000000000e+00 0.000000000000000000e+00 0.000000000000000000e+00 3.000000000000000000e+00 2.000000000000000000e+00 0.000000000000000000e+00 0.000000000000000000e+00 0.000000000000000000e+00 0.000000000000000000e+00
3.900000000000000000e+01 7.000000000000000000e+01 3.043956411480233992e+00 0.000000000000000000e+00 0.000000000000000000e+00 0.000000000000000000e+00 3.000000000000000000e+00 0.000000000000000000e+00 0.000000000000000000e+00 3.000000000000000000e+00 2.000000000000000000e+00 0.000000000000000000e+00 0.000000000000000000e+00 0.000000000000000000e+00 0.000000000000000000e+00
4.000000000000000000e+01 7.100000000000000000e+01 3.045792458206936892e+00 0.000000000000000000e+00 0.000000000000000000e+00 0.000000000000000000e+00 3.000000000000000000e+00 0.000000000000000000e+00 0.000000000000000000e+00 3.000000000000000000e+00 2.000000000000000000e+00 0.000000000000000000e+00 0.000000000000000000e+00 0.000000000000000000e+00 0.000000000000000000e+00
4.100000000000000000e+01 7.200000000000000000e+01 3.049929240393075336e+00 0.000000000000000000e+00 0.000000000000000000e+00 0.000000000000000000e+00 3.000000000000000000e+00 0.000000000000000000e+00 0.000000000000000000e+00 3.000000000000000000e+00 2.000000000000000000e+00 0.000000000000000000e+00 0.000000000000000000e+00 0.000000000000000000e+00 0.000000000000000000e+00
4.200000000000000000e+01 7.300000000000000000e+01 3.077088174809292642e+00 0.000000000000000000e+00 0.000000000000000000e+00 0.000000000000000000e+00 3.000000000000000000e+00 0.000000000000000000e+00 0.000000000000000000e+00 3.000000000000000000e+00 2.000000000000000000e+00 0.000000000000000000e+00 0.000000000000000000e+00 0.000000000000000000e+00 0.000000000000000000e+00
4.300000000000000000e+01 7.400000000000000000e+01 3.120226629408345609e+00 0.000000000000000000e+00 0.000000000000000000e+00 0.000000000000000000e+00 3.000000000000000000e+00 0.000000000000000000e+00 0.000000000000000000e+00 3.000000000000000000e+00 2.000000000000000000e+00 0.000000000000000000e+00 0.000000000000000000e+00 0.000000000000000000e+00 0.000000000000000000e+00
4.400000000000000000e+01 7.500000000000000000e+01 3.132414092730295696e+00 0.000000000000000000e+00 0.000000000000000000e+00 0.000000000000000000e+00 3.000000000000000000e+00 0.000000000000000000e+00 0.000000000000000000e+00 3.000000000000000000e+00 2.000000000000000000e+00 0.000000000000000000e+00 0.000000000000000000e+00 0.000000000000000000e+00 0.000000000000000000e+00
4.500000000000000000e+01 7.600000000000000000e+01 3.111091564142379973e+00 0.000000000000000000e+00 0.000000000000000000e+00 0.000000000000000000e+00 3.000000000000000000e+00 0.000000000000000000e+00 0.000000000000000000e+00 3.000000000000000000e+00 2.000000000000000000e+00 0.000000000000000000e+00 0.000000000000000000e+00 0.000000000000000000e+00 0.000000000000000000e+00
4.600000000000000000e+01 7.700000000000000000e+01 3.067240859520550256e+00 0.000000000000000000e+00 0.000000000000000000e+00 0.000000000000000000e+00 3.000000000000000000e+00 0.000000000000000000e+00 0.000000000000000000e+00 3.000000000000000000e+00 2.000000000000000000e+00 0.000000000000000000e+00 0.000000000000000000e+00 0.000000000000000000e+00 0.000000000000000000e+00
4.700000000000000000e+01 7.800000000000000000e+01 3.055903075845020744e+00 0.000000000000000000e+00 0.000000000000000000e+00 0.000000000000000000e+00 3.000000000000000000e+00 0.000000000000000000e+00 0.000000000000000000e+00 3.000000000000000000e+00 2.000000000000000000e+00 0.000000000000000000e+00 0.000000000000000000e+00 0.000000000000000000e+00 0.000000000000000000e+00
4.800000000000000000e+01 7.900000000000000000e+01 3.052226332579239809e+00 0.000000000000000000e+00 0.000000000000000000e+00 0.000000000000000000e+00 3.000000000000000000e+00 0.000000000000000000e+00 0.000000000000000000e+00 3.000000000000000000e+00 2.000000000000000000e+00 0.000000000000000000e+00 0.000000000000000000e+00 0.000000000000000000e+00 0.000000000000000000e+00
4.900000000000000000e+01 8.000000000000000000e+01 3.064103811716908599e+00 0.000000000000000000e+00 0.000000000000000000e+00 0.000000000000000000e+00 3.000000000000000000e+00 0.000000000000000000e+00 0.000000000000000000e+00 3.000000000000000000e+00 2.000000000000000000e+00 0.000000000000000000e+00 0.000000000000000000e+00 0.000000000000000000e+00 0.000000000000000000e+00
5.000000000000000000e+01 8.100000000000000000e+01 3.089368238806411426e+00 0.000000000000000000e+00 0.000000000000000000e+00 0.000000000000000000e+00 3.000000000000000000e+00 0.000000000000000000e+00 0.000000000000000000e+00 3.000000000000000000e+00 2.000000000000000000e+00 0.000000000000000000e+00 0.000000000000000000e+00 0.000000000000000000e+00 0.000000000000000000e+00
5.100000000000000000e+01 8.200000000000000000e+01 3.042222036654478323e+00 0.000000000000000000e+00 0.000000000000000000e+00 0.000000000000000000e+00 3.000000000000000000e+00 0.000000000000000000e+00 0.000000000000000000e+00 3.000000000000000000e+00 2.000000000000000000e+00 0.000000000000000000e+00 0.000000000000000000e+00 0.000000000000000000e+00 0.000000000000000000e+00
5.200000000000000000e+01 8.300000000000000000e+01 3.019871279956617638e+00 0.000000000000000000e+00 0.000000000000000000e+00 0.000000000000000000e+00 3.000000000000000000e+00 0.000000000000000000e+00 0.000000000000000000e+00 3.000000000000000000e+00 2.000000000000000000e+00 0.000000000000000000e+00 0.000000000000000000e+00 0.000000000000000000e+00 0.000000000000000000e+00
5.300000000000000000e+01 8.400000000000000000e+01 3.073400657960629889e+00 0.000000000000000000e+00 0.000000000000000000e+00 0.000000000000000000e+00 3.000000000000000000e+00 0.000000000000000000e+00 0.000000000000000000e+00 3.000000000000000000e+00 2.000000000000000000e+00 0.000000000000000000e+00 0.000000000000000000e+00 0.000000000000000000e+00 0.000000000000000000e+00
5.400000000000000000e+01 8.500000000000000000e+01 3.184911891631649006e+00 0.000000000000000000e+00 0.000000000000000000e+00 0.000000000000000000e+00 3.000000000000000000e+00 0.000000000000000000e+00 0.000000000000000000e+00 3.000000000000000000e+00 2.000000000000000000e+00 0.000000000000000000e+00 0.000000000000000000e+00 0.000000000000000000e+00 0.000000000000000000e+00
5.500000000000000000e+01 8.600000000000000000e+01 3.308649938471122987e+00 0.000000000000000000e+00 0.000000000000000000e+00 0.000000000000000000e+00 3.000000000000000000e+00 0.000000000000000000e+00 0.000000000000000000e+00 3.000000000000000000e+00 2.000000000000000000e+00 0.000000000000000000e+00 0.000000000000000000e+00 0.000000000000000000e+00 0.000000000000000000e+00
5.600000000000000000e+01 8.700000000000000000e+01 3.412770773663400092e+00 0.000000000000000000e+00 0.000000000000000000e+00 0.000000000000000000e+00 3.000000000000000000e+00 0.000000000000000000e+00 0.000000000000000000e+00 3.000000000000000000e+00 2.000000000000000000e+00 0.000000000000000000e+00 0.000000000000000000e+00 0.000000000000000000e+00 0.000000000000000000e+00
5.700000000000000000e+01 8.800000000000000000e+01 3.648037077782751769e+00 0.000000000000000000e+00 0.000000000000000000e+00 0.000000000000000000e+00 3.000000000000000000e+00 0.000000000000000000e+00 0.000000000000000000e+00 3.000000000000000000e+00 2.000000000000000000e+00 0.000000000000000000e+00 0.000000000000000000e+00 0.000000000000000000e+00 0.000000000000000000e+00
5.800000000000000000e+01 8.900000000000000000e+01 4.074067403020772637e+00 0.000000000000000000e+00 0.000000000000000000e+00 0.000000000000000000e+00 3.000000000000000000e+00 0.000000000000000000e+00 0.000000000000000000e+00 3.000000000000000000e+00 2.000000000000000000e+00 0.000000000000000000e+00 0.000000000000000000e+00 0.000000000000000000e+00 0.000000000000000000e+00
5.900000000000000000e+01 9.000000000000000000e+01 3.863798978970140130e+00 0.000000000000000000e+00 0.000000000000000000e+00 0.000000000000000000e+00 3.000000000000000000e+00 0.000000000000000000e+00 0.000000000000000000e+00 3.000000000000000000e+00 2.000000000000000000e+00 0.000000000000000000e+00 0.000000000000000000e+00 0.000000000000000000e+00 0.000000000000000000e+00
6.000000000000000000e+01 9.100000000000000000e+01 3.522363612491472562e+00 0.000000000000000000e+00 0.000000000000000000e+00 0.000000000000000000e+00 3.000000000000000000e+00 0.000000000000000000e+00 0.000000000000000000e+00 3.000000000000000000e+00 2.000000000000000000e+00 0.000000000000000000e+00 0.000000000000000000e+00 0.000000000000000000e+00 0.000000000000000000e+00
6.100000000000000000e+01 9.200000000000000000e+01 3.507745637719629883e+00 0.000000000000000000e+00 0.000000000000000000e+00 0.000000000000000000e+00 3.000000000000000000e+00 0.000000000000000000e+00 0.000000000000000000e+00 3.000000000000000000e+00 2.000000000000000000e+00 0.000000000000000000e+00 0.000000000000000000e+00 0.000000000000000000e+00 0.000000000000000000e+00
6.200000000000000000e+01 9.300000000000000000e+01 3.825188903786078676e+00 0.000000000000000000e+00 0.000000000000000000e+00 0.000000000000000000e+00 3.000000000000000000e+00 0.000000000000000000e+00 0.000000000000000000e+00 3.000000000000000000e+00 2.000000000000000000e+00 0.000000000000000000e+00 0.000000000000000000e+00 0.000000000000000000e+00 0.000000000000000000e+00
6.300000000000000000e+01 9.400000000000000000e+01 4.043944852752681562e+00 0.000000000000000000e+00 0.000000000000000000e+00 0.000000000000000000e+00 3.000000000000000000e+00 0.000000000000000000e+00 0.000000000000000000e+00 3.000000000000000000e+00 2.000000000000000000e+00 0.000000000000000000e+00 0.000000000000000000e+00 0.000000000000000000e+00 0.000000000000000000e+00
6.400000000000000000e+01 9.500000000000000000e+01 4.266193714003482462e+00 0.000000000000000000e+00 0.000000000000000000e+00 0.000000000000000000e+00 3.000000000000000000e+00 0.000000000000000000e+00 0.000000000000000000e+00 3.000000000000000000e+00 2.000000000000000000e+00 0.000000000000000000e+00 0.000000000000000000e+00 0.000000000000000000e+00 0.000000000000000000e+00
6.500000000000000000e+01 9.600000000000000000e+01 4.483210989297070626e+00 0.000000000000000000e+00 0.000000000000000000e+00 0.000000000000000000e+00 3.000000000000000000e+00 0.000000000000000000e+00 0.000000000000000000e+00 3.000000000000000000e+00 2.000000000000000000e+00 0.000000000000000000e+00 0.000000000000000000e+00 0.000000000000000000e+00 0.000000000000000000e+00
6.600000000000000000e+01 9.700000000000000000e+01 4.774230322985410169e+00 0.000000000000000000e+00 0.000000000000000000e+00 0.000000000000000000e+00 3.000000000000000000e+00 0.000000000000000000e+00 0.000000000000000000e+00 3.000000000000000000e+00 2.000000000000000000e+00 0.000000000000000000e+00 0.000000000000000000e+00 0.000000000000000000e+00 0.000000000000000000e+00
6.700000000000000000e+01 9.800000000000000000e+01 5.065955430075641530e+00 0.000000000000000000e+00 0.000000000000000000e+00 0.000000000000000000e+00 3.000000000000000000e+00 0.000000000000000000e+00 0.000000000000000000e+00 3.000000000000000000e+00 2.000000000000000000e+00 0.000000000000000000e+00 0.000000000000000000e+00 0.000000000000000000e+00 0.000000000000000000e+00
6.800000000000000000e+01 9.900000000000000000e+01 5.276271508796104293e+00 0.000000000000000000e+00 0.000000000000000000e+00 0.000000000000000000e+00 3.000000000000000000e+00 0.000000000000000000e+00 0.000000000000000000e+00 3.000000000000000000e+00 2.000000000000000000e+00 0.000000000000000000e+00 0.000000000000000000e+00 0.000000000000000000e+00 0.000000000000000000e+00
6.900000000000000000e+01 1.000000000000000000e+02 5.417157193667186732e+00 0.000000000000000000e+00 0.000000000000000000e+00 0.000000000000000000e+00 3.000000000000000000e+00 0.000000000000000000e+00 0.000000000000000000e+00 3.000000000000000000e+00 2.000000000000000000e+00 0.000000000000000000e+00 0.000000000000000000e+00 0.000000000000000000e+00 0.000000000000000000e+00
7.000000000000000000e+01 1.010000000000000000e+02 5.606658273803811099e+00 0.000000000000000000e+00 0.000000000000000000e+00 0.000000000000000000e+00 3.000000000000000000e+00 0.000000000000000000e+00 0.000000000000000000e+00 3.000000000000000000e+00 2.000000000000000000e+00 0.000000000000000000e+00 0.000000000000000000e+00 0.000000000000000000e+00 0.000000000000000000e+00
7.100000000000000000e+01 1.020000000000000000e+02 5.659613855726115972e+00 0.000000000000000000e+00 0.000000000000000000e+00 0.000000000000000000e+00 3.000000000000000000e+00 0.000000000000000000e+00 0.000000000000000000e+00 3.000000000000000000e+00 2.000000000000000000e+00 0.000000000000000000e+00 0.000000000000000000e+00 0.000000000000000000e+00 0.000000000000000000e+00
7.200000000000000000e+01 1.030000000000000000e+02 5.734704180387316441e+00 0.000000000000000000e+00 0.000000000000000000e+00 0.000000000000000000e+00 3.000000000000000000e+00 0.000000000000000000e+00 0.000000000000000000e+00 3.000000000000000000e+00 2.000000000000000000e+00 0.000000000000000000e+00 0.000000000000000000e+00 0.000000000000000000e+00 0.000000000000000000e+00
7.300000000000000000e+01 1.040000000000000000e+02 5.803007308668357567e+00 0.000000000000000000e+00 0.000000000000000000e+00 0.000000000000000000e+00 3.000000000000000000e+00 0.000000000000000000e+00 0.000000000000000000e+00 3.000000000000000000e+00 2.000000000000000000e+00 0.000000000000000000e+00 0.000000000000000000e+00 0.000000000000000000e+00 0.000000000000000000e+00
7.400000000000000000e+01 1.050000000000000000e+02 5.868376604276435593e+00 0.000000000000000000e+00 0.000000000000000000e+00 0.000000000000000000e+00 3.000000000000000000e+00 0.000000000000000000e+00 0.000000000000000000e+00 3.000000000000000000e+00 2.000000000000000000e+00 0.000000000000000000e+00 0.000000000000000000e+00 0.000000000000000000e+00 0.000000000000000000e+00
7.500000000000000000e+01 1.060000000000000000e+02 5.939549917035204629e+00 0.000000000000000000e+00 0.000000000000000000e+00 0.000000000000000000e+00 3.000000000000000000e+00 0.000000000000000000e+00 0.000000000000000000e+00 3.000000000000000000e+00 2.000000000000000000e+00 0.000000000000000000e+00 0.000000000000000000e+00 0.000000000000000000e+00 0.000000000000000000e+00
7.600000000000000000e+01 1.070000000000000000e+02 6.007149603695644657e+00 0.000000000000000000e+00 0.000000000000000000e+00 0.000000000000000000e+00 3.000000000000000000e+00 0.000000000000000000e+00 0.000000000000000000e+00 3.000000000000000000e+00 2.000000000000000000e+00 0.000000000000000000e+00 0.000000000000000000e+00 0.000000000000000000e+00 0.000000000000000000e+00
7.700000000000000000e+01 1.080000000000000000e+02 6.046345906567620609e+00 0.000000000000000000e+00 0.000000000000000000e+00 0.000000000000000000e+00 3.000000000000000000e+00 0.000000000000000000e+00 0.000000000000000000e+00 3.000000000000000000e+00 2.000000000000000000e+00 0.000000000000000000e+00 0.000000000000000000e+00 0.000000000000000000e+00 0.000000000000000000e+00
7.800000000000000000e+01 1.090000000000000000e+02 6.064151822301734995e+00 0.000000000000000000e+00 0.000000000000000000e+00 0.000000000000000000e+00 3.000000000000000000e+00 0.000000000000000000e+00 0.000000000000000000e+00 3.000000000000000000e+00 2.000000000000000000e+00 0.000000000000000000e+00 0.000000000000000000e+00 0.000000000000000000e+00 0.000000000000000000e+00
7.900000000000000000e+01 1.100000000000000000e+02 6.056687050686819340e+00 0.000000000000000000e+00 0.000000000000000000e+00 0.000000000000000000e+00 3.000000000000000000e+00 0.000000000000000000e+00 0.000000000000000000e+00 3.000000000000000000e+00 2.000000000000000000e+00 0.000000000000000000e+00 0.000000000000000000e+00 0.000000000000000000e+00 0.000000000000000000e+00
8.000000000000000000e+01 1.110000000000000000e+02 6.111652738395707551e+00 0.000000000000000000e+00 0.000000000000000000e+00 0.000000000000000000e+00 3.000000000000000000e+00 0.000000000000000000e+00 0.000000000000000000e+00 3.000000000000000000e+00 2.000000000000000000e+00 0.000000000000000000e+00 0.000000000000000000e+00 0.000000000000000000e+00 0.000000000000000000e+00
8.100000000000000000e+01 1.120000000000000000e+02 6.234535123541155244e+00 0.000000000000000000e+00 0.000000000000000000e+00 0.000000000000000000e+00 3.000000000000000000e+00 0.000000000000000000e+00 0.000000000000000000e+00 3.000000000000000000e+00 2.000000000000000000e+00 0.000000000000000000e+00 0.000000000000000000e+00 0.000000000000000000e+00 0.000000000000000000e+00
8.200000000000000000e+01 1.130000000000000000e+02 5.914505182360700886e+00 0.000000000000000000e+00 0.000000000000000000e+00 0.000000000000000000e+00 3.000000000000000000e+00 0.000000000000000000e+00 0.000000000000000000e+00 3.000000000000000000e+00 2.000000000000000000e+00 0.000000000000000000e+00 0.000000000000000000e+00 0.000000000000000000e+00 0.000000000000000000e+00
8.300000000000000000e+01 1.140000000000000000e+02 5.628835110388252794e+00 0.000000000000000000e+00 0.000000000000000000e+00 0.000000000000000000e+00 3.000000000000000000e+00 0.000000000000000000e+00 0.000000000000000000e+00 3.000000000000000000e+00 2.000000000000000000e+00 0.000000000000000000e+00 0.000000000000000000e+00 0.000000000000000000e+00 0.000000000000000000e+00
8.400000000000000000e+01 1.150000000000000000e+02 5.536367910589113706e+00 0.000000000000000000e+00 0.000000000000000000e+00 0.000000000000000000e+00 3.000000000000000000e+00 0.000000000000000000e+00 0.000000000000000000e+00 3.000000000000000000e+00 2.000000000000000000e+00 0.000000000000000000e+00 0.000000000000000000e+00 0.000000000000000000e+00 0.000000000000000000e+00
8.500000000000000000e+01 1.160000000000000000e+02 5.591025627884397053e+00 0.000000000000000000e+00 0.000000000000000000e+00 0.000000000000000000e+00 3.000000000000000000e+00 0.000000000000000000e+00 0.000000000000000000e+00 3.000000000000000000e+00 2.000000000000000000e+00 0.000000000000000000e+00 0.000000000000000000e+00 0.000000000000000000e+00 0.000000000000000000e+00
8.600000000000000000e+01 1.170000000000000000e+02 5.664833992130615670e+00 0.000000000000000000e+00 0.000000000000000000e+00 0.000000000000000000e+00 3.000000000000000000e+00 0.000000000000000000e+00 0.000000000000000000e+00 3.000000000000000000e+00 2.000000000000000000e+00 0.000000000000000000e+00 0.000000000000000000e+00 0.000000000000000000e+00 0.000000000000000000e+00
8.700000000000000000e+01 1.180000000000000000e+02 5.697274530171580587e+00 0.000000000000000000e+00 0.000000000000000000e+00 0.000000000000000000e+00 3.000000000000000000e+00 0.000000000000000000e+00 0.000000000000000000e+00 3.000000000000000000e+00 2.000000000000000000e+00 0.000000000000000000e+00 0.000000000000000000e+00 0.000000000000000000e+00 0.000000000000000000e+00
8.800000000000000000e+01 1.190000000000000000e+02 5.714094384930673343e+00 0.000000000000000000e+00 0.000000000000000000e+00 0.000000000000000000e+00 3.000000000000000000e+00 0.000000000000000000e+00 0.000000000000000000e+00 3.000000000000000000e+00 2.000000000000000000e+00 0.000000000000000000e+00 0.000000000000000000e+00 0.000000000000000000e+00 0.000000000000000000e+00
8.900000000000000000e+01 1.200000000000000000e+02 5.696603594105051016e+00 0.000000000000000000e+00 0.000000000000000000e+00 0.000000000000000000e+00 3.000000000000000000e+00 0.000000000000000000e+00 0.000000000000000000e+00 3.000000000000000000e+00 2.000000000000000000e+00 0.000000000000000000e+00 0.000000000000000000e+00 0.000000000000000000e+00 0.000000000000000000e+00
9.000000000000000000e+01 1.210000000000000000e+02 5.605913620016052867e+00 0.000000000000000000e+00 0.000000000000000000e+00 0.000000000000000000e+00 3.000000000000000000e+00 0.000000000000000000e+00 0.000000000000000000e+00 3.000000000000000000e+00 2.000000000000000000e+00 0.000000000000000000e+00 0.000000000000000000e+00 0.000000000000000000e+00 0.000000000000000000e+00
9.100000000000000000e+01 1.220000000000000000e+02 5.508473313562916474e+00 0.000000000000000000e+00 0.000000000000000000e+00 0.000000000000000000e+00 3.000000000000000000e+00 0.000000000000000000e+00 0.000000000000000000e+00 3.000000000000000000e+00 2.000000000000000000e+00 0.000000000000000000e+00 0.000000000000000000e+00 0.000000000000000000e+00 0.000000000000000000e+00
9.200000000000000000e+01 1.230000000000000000e+02 5.412534190538290879e+00 0.000000000000000000e+00 0.000000000000000000e+00 0.000000000000000000e+00 3.000000000000000000e+00 0.000000000000000000e+00 0.000000000000000000e+00 3.000000000000000000e+00 2.000000000000000000e+00 0.000000000000000000e+00 0.000000000000000000e+00 0.000000000000000000e+00 0.000000000000000000e+00
9.300000000000000000e+01 1.240000000000000000e+02 5.393528893735380692e+00 0.000000000000000000e+00 0.000000000000000000e+00 0.000000000000000000e+00 3.000000000000000000e+00 0.000000000000000000e+00 0.000000000000000000e+00 3.000000000000000000e+00 2.000000000000000000e+00 0.000000000000000000e+00 0.000000000000000000e+00 0.000000000000000000e+00 0.000000000000000000e+00
9.400000000000000000e+01 1.250000000000000000e+02 5.484855700265905298e+00 0.000000000000000000e+00 0.000000000000000000e+00 0.000000000000000000e+00 3.000000000000000000e+00 0.000000000000000000e+00 0.000000000000000000e+00 3.000000000000000000e+00 2.000000000000000000e+00 0.000000000000000000e+00 0.000000000000000000e+00 0.000000000000000000e+00 0.000000000000000000e+00
9.500000000000000000e+01 1.260000000000000000e+02 5.547064785916150598e+00 0.000000000000000000e+00 0.000000000000000000e+00 0.000000000000000000e+00 3.000000000000000000e+00 0.000000000000000000e+00 0.000000000000000000e+00 3.000000000000000000e+00 2.000000000000000000e+00 0.000000000000000000e+00 0.000000000000000000e+00 0.000000000000000000e+00 0.000000000000000000e+00
9.600000000000000000e+01 1.270000000000000000e+02 5.588494812353942187e+00 0.000000000000000000e+00 0.000000000000000000e+00 0.000000000000000000e+00 3.000000000000000000e+00 0.000000000000000000e+00 0.000000000000000000e+00 3.000000000000000000e+00 2.000000000000000000e+00 0.000000000000000000e+00 0.000000000000000000e+00 0.000000000000000000e+00 0.000000000000000000e+00
9.700000000000000000e+01 1.280000000000000000e+02 5.602722556717609770e+00 0.000000000000000000e+00 0.000000000000000000e+00 0.000000000000000000e+00 3.000000000000000000e+00 0.000000000000000000e+00 0.000000000000000000e+00 3.000000000000000000e+00 2.000000000000000000e+00 0.000000000000000000e+00 0.000000000000000000e+00 0.000000000000000000e+00 0.000000000000000000e+00
9.800000000000000000e+01 1.290000000000000000e+02 5.605687282426209173e+00 0.000000000000000000e+00 0.000000000000000000e+00 0.000000000000000000e+00 3.000000000000000000e+00 0.000000000000000000e+00 0.000000000000000000e+00 3.000000000000000000e+00 2.000000000000000000e+00 0.000000000000000000e+00 0.000000000000000000e+00 0.000000000000000000e+00 0.000000000000000000e+00
9.900000000000000000e+01 1.300000000000000000e+02 5.593205604551517496e+00 0.000000000000000000e+00 0.000000000000000000e+00 0.000000000000000000e+00 3.000000000000000000e+00 0.000000000000000000e+00 0.000000000000000000e+00 3.000000000000000000e+00 2.000000000000000000e+00 0.000000000000000000e+00 0.000000000000000000e+00 0.000000000000000000e+00 0.000000000000000000e+00
1.000000000000000000e+02 1.310000000000000000e+02 5.564653580957640955e+00 0.000000000000000000e+00 0.000000000000000000e+00 0.000000000000000000e+00 3.000000000000000000e+00 0.000000000000000000e+00 0.000000000000000000e+00 3.000000000000000000e+00 2.000000000000000000e+00 0.000000000000000000e+00 0.000000000000000000e+00 0.000000000000000000e+00 0.000000000000000000e+00
1.010000000000000000e+02 1.320000000000000000e+02 5.549102592012772561e+00 0.000000000000000000e+00 0.000000000000000000e+00 0.000000000000000000e+00 3.000000000000000000e+00 0.000000000000000000e+00 0.000000000000000000e+00 3.000000000000000000e+00 2.000000000000000000e+00 0.000000000000000000e+00 0.000000000000000000e+00 0.000000000000000000e+00 0.000000000000000000e+00
1.020000000000000000e+02 1.330000000000000000e+02 5.546033648866033339e+00 0.000000000000000000e+00 0.000000000000000000e+00 0.000000000000000000e+00 3.000000000000000000e+00 0.000000000000000000e+00 0.000000000000000000e+00 3.000000000000000000e+00 2.000000000000000000e+00 0.000000000000000000e+00 0.000000000000000000e+00 0.000000000000000000e+00 0.000000000000000000e+00
1.030000000000000000e+02 1.340000000000000000e+02 5.565263820883742163e+00 0.000000000000000000e+00 0.000000000000000000e+00 0.000000000000000000e+00 3.000000000000000000e+00 0.000000000000000000e+00 0.000000000000000000e+00 3.000000000000000000e+00 2.000000000000000000e+00 0.000000000000000000e+00 0.000000000000000000e+00 0.000000000000000000e+00 0.000000000000000000e+00
1.040000000000000000e+02 1.350000000000000000e+02 5.588543470361436505e+00 0.000000000000000000e+00 0.000000000000000000e+00 0.000000000000000000e+00 3.000000000000000000e+00 0.000000000000000000e+00 0.000000000000000000e+00 3.000000000000000000e+00 2.000000000000000000e+00 0.000000000000000000e+00 0.000000000000000000e+00 0.000000000000000000e+00 0.000000000000000000e+00
1.050000000000000000e+02 1.360000000000000000e+02 5.598181124627972238e+00 0.000000000000000000e+00 0.000000000000000000e+00 0.000000000000000000e+00 3.000000000000000000e+00 0.000000000000000000e+00 0.000000000000000000e+00 3.000000000000000000e+00 2.000000000000000000e+00 0.000000000000000000e+00 0.000000000000000000e+00 0.000000000000000000e+00 0.000000000000000000e+00
1.060000000000000000e+02 1.370000000000000000e+02 5.578788273642154572e+00 0.000000000000000000e+00 0.000000000000000000e+00 0.000000000000000000e+00 3.000000000000000000e+00 0.000000000000000000e+00 0.000000000000000000e+00 3.000000000000000000e+00 2.000000000000000000e+00 0.000000000000000000e+00 0.000000000000000000e+00 0.000000000000000000e+00 0.000000000000000000e+00
1.070000000000000000e+02 1.380000000000000000e+02 5.580148580339582054e+00 0.000000000000000000e+00 0.000000000000000000e+00 0.000000000000000000e+00 3.000000000000000000e+00 0.000000000000000000e+00 0.000000000000000000e+00 3.000000000000000000e+00 2.000000000000000000e+00 0.000000000000000000e+00 0.000000000000000000e+00 0.000000000000000000e+00 0.000000000000000000e+00
1.080000000000000000e+02 1.390000000000000000e+02 5.606751373247802483e+00 0.000000000000000000e+00 0.000000000000000000e+00 0.000000000000000000e+00 3.000000000000000000e+00 0.000000000000000000e+00 0.000000000000000000e+00 3.000000000000000000e+00 2.000000000000000000e+00 0.000000000000000000e+00 0.000000000000000000e+00 0.000000000000000000e+00 0.000000000000000000e+00
1.090000000000000000e+02 1.400000000000000000e+02 5.609612037568631138e+00 0.000000000000000000e+00 0.000000000000000000e+00 0.000000000000000000e+00 3.000000000000000000e+00 0.000000000000000000e+00 0.000000000000000000e+00 3.000000000000000000e+00 2.000000000000000000e+00 0.000000000000000000e+00 0.000000000000000000e+00 0.000000000000000000e+00 0.000000000000000000e+00
1.100000000000000000e+02 1.410000000000000000e+02 5.607139861830560790e+00 0.000000000000000000e+00 0.000000000000000000e+00 0.000000000000000000e+00 3.000000000000000000e+00 0.000000000000000000e+00 0.000000000000000000e+00 3.000000000000000000e+00 2.000000000000000000e+00 0.000000000000000000e+00 0.000000000000000000e+00 0.000000000000000000e+00 0.000000000000000000e+00
1.110000000000000000e+02 1.420000000000000000e+02 5.619002288782917631e+00 0.000000000000000000e+00 0.000000000000000000e+00 0.000000000000000000e+00 3.000000000000000000e+00 0.000000000000000000e+00 0.000000000000000000e+00 3.000000000000000000e+00 2.000000000000000000e+00 0.000000000000000000e+00 0.000000000000000000e+00 0.000000000000000000e+00 0.000000000000000000e+00
1.120000000000000000e+02 1.430000000000000000e+02 5.618671133121960537e+00 0.000000000000000000e+00 0.000000000000000000e+00 0.000000000000000000e+00 3.000000000000000000e+00 0.000000000000000000e+00 0.000000000000000000e+00 3.000000000000000000e+00 2.000000000000000000e+00 0.000000000000000000e+00 0.000000000000000000e+00 0.000000000000000000e+00 0.000000000000000000e+00
1.130000000000000000e+02 1.440000000000000000e+02 5.607751586877776084e+00 0.000000000000000000e+00 0.000000000000000000e+00 0.000000000000000000e+00 3.000000000000000000e+00 0.000000000000000000e+00 0.000000000000000000e+00 3.000000000000000000e+00 2.000000000000000000e+00 0.000000000000000000e+00 0.000000000000000000e+00 0.000000000000000000e+00 0.000000000000000000e+00
1.140000000000000000e+02 1.450000000000000000e+02 5.578750134994869825e+00 0.000000000000000000e+00 0.000000000000000000e+00 0.000000000000000000e+00 3.000000000000000000e+00 0.000000000000000000e+00 0.000000000000000000e+00 3.000000000000000000e+00 2.000000000000000000e+00 0.000000000000000000e+00 0.000000000000000000e+00 0.000000000000000000e+00 0.000000000000000000e+00
1.150000000000000000e+02 1.460000000000000000e+02 5.553667540459475305e+00 0.000000000000000000e+00 0.000000000000000000e+00 0.000000000000000000e+00 3.000000000000000000e+00 0.000000000000000000e+00 0.000000000000000000e+00 3.000000000000000000e+00 2.000000000000000000e+00 0.000000000000000000e+00 0.000000000000000000e+00 0.000000000000000000e+00 0.000000000000000000e+00
1.160000000000000000e+02 1.470000000000000000e+02 5.541907895256019678e+00 0.000000000000000000e+00 0.000000000000000000e+00 0.000000000000000000e+00 3.000000000000000000e+00 0.000000000000000000e+00 0.000000000000000000e+00 3.000000000000000000e+00 2.000000000000000000e+00 0.000000000000000000e+00 0.000000000000000000e+00 0.000000000000000000e+00 0.000000000000000000e+00
1.170000000000000000e+02 1.480000000000000000e+02 5.548414628275263105e+00 0.000000000000000000e+00 0.000000000000000000e+00 0.000000000000000000e+00 3.000000000000000000e+00 0.000000000000000000e+00 0.000000000000000000e+00 3.000000000000000000e+00 2.000000000000000000e+00 0.000000000000000000e+00 0.000000000000000000e+00 0.000000000000000000e+00 0.000000000000000000e+00
1.180000000000000000e+02 1.490000000000000000e+02 5.551137411241444219e+00 0.000000000000000000e+00 0.000000000000000000e+00 0.000000000000000000e+00 3.000000000000000000e+00 0.000000000000000000e+00 0.000000000000000000e+00 3.000000000000000000e+00 2.000000000000000000e+00 0.000000000000000000e+00 0.000000000000000000e+00 0.000000000000000000e+00 0.000000000000000000e+00
1.190000000000000000e+02 1.500000000000000000e+02 5.522785160637323720e+00 0.000000000000000000e+00 0.000000000000000000e+00 0.000000000000000000e+00 3.000000000000000000e+00 0.000000000000000000e+00 0.000000000000000000e+00 3.000000000000000000e+00 2.000000000000000000e+00 0.000000000000000000e+00 0.000000000000000000e+00 0.000000000000000000e+00 0.000000000000000000e+00
1.200000000000000000e+02 1.510000000000000000e+02 5.496298934483714760e+00 0.000000000000000000e+00 0.000000000000000000e+00 0.000000000000000000e+00 3.000000000000000000e+00 0.000000000000000000e+00 0.000000000000000000e+00 3.000000000000000000e+00 2.000000000000000000e+00 0.000000000000000000e+00 0.000000000000000000e+00 0.000000000000000000e+00 0.000000000000000000e+00
1.210000000000000000e+02 1.520000000000000000e+02 5.457855799080141956e+00 0.000000000000000000e+00 0.000000000000000000e+00 0.000000000000000000e+00 3.000000000000000000e+00 0.000000000000000000e+00 0.000000000000000000e+00 3.000000000000000000e+00 2.000000000000000000e+00 0.000000000000000000e+00 0.000000000000000000e+00 0.000000000000000000e+00 0.000000000000000000e+00
1.220000000000000000e+02 1.530000000000000000e+02 5.415004519923402704e+00 0.000000000000000000e+00 0.000000000000000000e+00 0.000000000000000000e+00 3.000000000000000000e+00 0.000000000000000000e+00 0.000000000000000000e+00 3.000000000000000000e+00 2.000000000000000000e+00 0.000000000000000000e+00 0.000000000000000000e+00 0.000000000000000000e+00 0.000000000000000000e+00
1.230000000000000000e+02 1.540000000000000000e+02 5.355988515221432600e+00 0.000000000000000000e+00 0.000000000000000000e+00 0.000000000000000000e+00 3.000000000000000000e+00 0.000000000000000000e+00 0.000000000000000000e+00 3.000000000000000000e+00 2.000000000000000000e+00 0.000000000000000000e+00 0.000000000000000000e+00 0.000000000000000000e+00 0.000000000000000000e+00
1.240000000000000000e+02 1.550000000000000000e+02 5.286336340295218150e+00 0.000000000000000000e+00 0.000000000000000000e+00 0.000000000000000000e+00 3.000000000000000000e+00 0.000000000000000000e+00 0.000000000000000000e+00 3.000000000000000000e+00 2.000000000000000000e+00 0.000000000000000000e+00 0.000000000000000000e+00 0.000000000000000000e+00 0.000000000000000000e+00
1.250000000000000000e+02 1.560000000000000000e+02 5.203928888221730276e+00 0.000000000000000000e+00 0.000000000000000000e+00 0.000000000000000000e+00 3.000000000000000000e+00 0.000000000000000000e+00 0.000000000000000000e+00 3.000000000000000000e+00 2.000000000000000000e+00 0.000000000000000000e+00 0.000000000000000000e+00 0.000000000000000000e+00 0.000000000000000000e+00
1.260000000000000000e+02 1.570000000000000000e+02 5.123315862275933164e+00 0.000000000000000000e+00 0.000000000000000000e+00 0.000000000000000000e+00 3.000000000000000000e+00 0.000000000000000000e+00 0.000000000000000000e+00 3.000000000000000000e+00 2.000000000000000000e+00 0.000000000000000000e+00 0.000000000000000000e+00 0.000000000000000000e+00 0.000000000000000000e+00
1.270000000000000000e+02 1.580000000000000000e+02 5.122967325650020776e+00 0.000000000000000000e+00 0.000000000000000000e+00 0.000000000000000000e+00 3.000000000000000000e+00 0.000000000000000000e+00 0.000000000000000000e+00 3.000000000000000000e+00 2.000000000000000000e+00 0.000000000000000000e+00 0.000000000000000000e+00 0.000000000000000000e+00 0.000000000000000000e+00
1.280000000000000000e+02 1.590000000000000000e+02 5.255554044003264202e+00 0.000000000000000000e+00 0.000000000000000000e+00 0.000000000000000000e+00 3.000000000000000000e+00 0.000000000000000000e+00 0.000000000000000000e+00 3.000000000000000000e+00 2.000000000000000000e+00 0.000000000000000000e+00 0.000000000000000000e+00 0.000000000000000000e+00 0.000000000000000000e+00
1.290000000000000000e+02 1.600000000000000000e+02 5.375732777284235375e+00 0.000000000000000000e+00 0.000000000000000000e+00 0.000000000000000000e+00 3.000000000000000000e+00 0.000000000000000000e+00 0.000000000000000000e+00 3.000000000000000000e+00 2.000000000000000000e+00 0.000000000000000000e+00 0.000000000000000000e+00 0.000000000000000000e+00 0.000000000000000000e+00
1.300000000000000000e+02 1.610000000000000000e+02 5.489881889124171188e+00 0.000000000000000000e+00 0.000000000000000000e+00 0.000000000000000000e+00 3.000000000000000000e+00 0.000000000000000000e+00 0.000000000000000000e+00 3.000000000000000000e+00 2.000000000000000000e+00 0.000000000000000000e+00 0.000000000000000000e+00 0.000000000000000000e+00 0.000000000000000000e+00
1.310000000000000000e+02 1.620000000000000000e+02 5.723758991653598471e+00 0.000000000000000000e+00 0.000000000000000000e+00 0.000000000000000000e+00 3.000000000000000000e+00 0.000000000000000000e+00 0.000000000000000000e+00 3.000000000000000000e+00 2.000000000000000000e+00 0.000000000000000000e+00 0.000000000000000000e+00 0.000000000000000000e+00 0.000000000000000000e+00
1.320000000000000000e+02 1.630000000000000000e+02 5.969812524817817767e+00 0.000000000000000000e+00 0.000000000000000000e+00 0.000000000000000000e+00 3.000000000000000000e+00 0.000000000000000000e+00 0.000000000000000000e+00 3.000000000000000000e+00 2.000000000000000000e+00 0.000000000000000000e+00 0.000000000000000000e+00 0.000000000000000000e+00 0.000000000000000000e+00
1.330000000000000000e+02 1.640000000000000000e+02 6.282116413346354733e+00 0.000000000000000000e+00 0.000000000000000000e+00 0.000000000000000000e+00 3.000000000000000000e+00 0.000000000000000000e+00 0.000000000000000000e+00 3.000000000000000000e+00 2.000000000000000000e+00 0.000000000000000000e+00 0.000000000000000000e+00 0.000000000000000000e+00 0.000000000000000000e+00
1.340000000000000000e+02 1.650000000000000000e+02 6.543854524671446349e+00 0.000000000000000000e+00 0.000000000000000000e+00 0.000000000000000000e+00 3.000000000000000000e+00 0.000000000000000000e+00 0.000000000000000000e+00 3.000000000000000000e+00 2.000000000000000000e+00 0.000000000000000000e+00 0.000000000000000000e+00 0.000000000000000000e+00 0.000000000000000000e+00
1.350000000000000000e+02 1.660000000000000000e+02 6.692960764193094825e+00 0.000000000000000000e+00 0.000000000000000000e+00 0.000000000000000000e+00 3.000000000000000000e+00 0.000000000000000000e+00 0.000000000000000000e+00 3.000000000000000000e+00 2.000000000000000000e+00 0.000000000000000000e+00 0.000000000000000000e+00 0.000000000000000000e+00 0.000000000000000000e+00
1.360000000000000000e+02 1.670000000000000000e+02 6.748629058280089410e+00 0.000000000000000000e+00 0.000000000000000000e+00 0.000000000000000000e+00 3.000000000000000000e+00 0.000000000000000000e+00 0.000000000000000000e+00 3.000000000000000000e+00 2.000000000000000000e+00 0.000000000000000000e+00 0.000000000000000000e+00 0.000000000000000000e+00 0.000000000000000000e+00
1.370000000000000000e+02 1.680000000000000000e+02 6.823276082314665203e+00 0.000000000000000000e+00 0.000000000000000000e+00 0.000000000000000000e+00 3.000000000000000000e+00 0.000000000000000000e+00 0.000000000000000000e+00 3.000000000000000000e+00 2.000000000000000000e+00 0.000000000000000000e+00 0.000000000000000000e+00 0.000000000000000000e+00 0.000000000000000000e+00
1.380000000000000000e+02 1.690000000000000000e+02 6.941967085117530800e+00 0.000000000000000000e+00 0.000000000000000000e+00 0.000000000000000000e+00 3.000000000000000000e+00 0.000000000000000000e+00 0.000000000000000000e+00 3.000000000000000000e+00 2.000000000000000000e+00 0.000000000000000000e+00 0.000000000000000000e+00 0.000000000000000000e+00 0.000000000000000000e+00
1.390000000000000000e+02 1.700000000000000000e+02 7.040185421320003911e+00 0.000000000000000000e+00 0.000000000000000000e+00 0.000000000000000000e+00 3.000000000000000000e+00 0.000000000000000000e+00 0.000000000000000000e+00 3.000000000000000000e+00 2.000000000000000000e+00 0.000000000000000000e+00 0.000000000000000000e+00 0.000000000000000000e+00 0.000000000000000000e+00
1.400000000000000000e+02 1.710000000000000000e+02 7.122691826928972958e+00 0.000000000000000000e+00 0.000000000000000000e+00 0.000000000000000000e+00 3.000000000000000000e+00 0.000000000000000000e+00 0.000000000000000000e+00 3.000000000000000000e+00 2.000000000000000000e+00 0.000000000000000000e+00 0.000000000000000000e+00 0.000000000000000000e+00 0.000000000000000000e+00
1.410000000000000000e+02 1.720000000000000000e+02 7.187609535298946639e+00 0.000000000000000000e+00 0.000000000000000000e+00 0.000000000000000000e+00 3.000000000000000000e+00 0.000000000000000000e+00 0.000000000000000000e+00 3.000000000000000000e+00 2.000000000000000000e+00 0.000000000000000000e+00 0.000000000000000000e+00 0.000000000000000000e+00 0.000000000000000000e+00
1.420000000000000000e+02 1.730000000000000000e+02 7.238813519488128456e+00 0.000000000000000000e+00 0.000000000000000000e+00 0.000000000000000000e+00 3.000000000000000000e+00 0.000000000000000000e+00 0.000000000000000000e+00 3.000000000000000000e+00 2.000000000000000000e+00 0.000000000000000000e+00 0.000000000000000000e+00 0.000000000000000000e+00 0.000000000000000000e+00
1.430000000000000000e+02 1.740000000000000000e+02 7.289947957403493106e+00 0.000000000000000000e+00 0.000000000000000000e+00 0.000000000000000000e+00 3.000000000000000000e+00 0.000000000000000000e+00 0.000000000000000000e+00 3.000000000000000000e+00 2.000000000000000000e+00 0.000000000000000000e+00 0.000000000000000000e+00 0.000000000000000000e+00 0.000000000000000000e+00
1.440000000000000000e+02 1.750000000000000000e+02 7.318301710225761703e+00 0.000000000000000000e+00 0.000000000000000000e+00 0.000000000000000000e+00 3.000000000000000000e+00 0.000000000000000000e+00 0.000000000000000000e+00 3.000000000000000000e+00 2.000000000000000000e+00 0.000000000000000000e+00 0.000000000000000000e+00 0.000000000000000000e+00 0.000000000000000000e+00
1.450000000000000000e+02 1.760000000000000000e+02 7.314378627430603963e+00 0.000000000000000000e+00 0.000000000000000000e+00 0.000000000000000000e+00 3.000000000000000000e+00 0.000000000000000000e+00 0.000000000000000000e+00 3.000000000000000000e+00 2.000000000000000000e+00 0.000000000000000000e+00 0.000000000000000000e+00 0.000000000000000000e+00 0.000000000000000000e+00
1.460000000000000000e+02 1.770000000000000000e+02 7.303326678773041536e+00 0.000000000000000000e+00 0.000000000000000000e+00 0.000000000000000000e+00 3.000000000000000000e+00 0.000000000000000000e+00 0.000000000000000000e+00 3.000000000000000000e+00 2.000000000000000000e+00 0.000000000000000000e+00 0.000000000000000000e+00 0.000000000000000000e+00 0.000000000000000000e+00
1.470000000000000000e+02 1.780000000000000000e+02 7.332422621263787299e+00 0.000000000000000000e+00 0.000000000000000000e+00 0.000000000000000000e+00 3.000000000000000000e+00 0.000000000000000000e+00 0.000000000000000000e+00 3.000000000000000000e+00 2.000000000000000000e+00 0.000000000000000000e+00 0.000000000000000000e+00 0.000000000000000000e+00 0.000000000000000000e+00
1.480000000000000000e+02 1.790000000000000000e+02 7.385285109018393968e+00 0.000000000000000000e+00 0.000000000000000000e+00 0.000000000000000000e+00 3.000000000000000000e+00 0.000000000000000000e+00 0.000000000000000000e+00 3.000000000000000000e+00 2.000000000000000000e+00 0.000000000000000000e+00 0.000000000000000000e+00 0.000000000000000000e+00 0.000000000000000000e+00
1.490000000000000000e+02 1.800000000000000000e+02 7.428768067455615132e+00 0.000000000000000000e+00 0.000000000000000000e+00 0.000000000000000000e+00 3.000000000000000000e+00 0.000000000000000000e+00 0.000000000000000000e+00 3.000000000000000000e+00 2.000000000000000000e+00 0.000000000000000000e+00 0.000000000000000000e+00 0.000000000000000000e+00 0.000000000000000000e+00
1.500000000000000000e+02 1.810000000000000000e+02 7.455959565360977592e+00 0.000000000000000000e+00 0.000000000000000000e+00 0.000000000000000000e+00 3.000000000000000000e+00 0.000000000000000000e+00 0.000000000000000000e+00 3.000000000000000000e+00 2.000000000000000000e+00 0.000000000000000000e+00 0.000000000000000000e+00 0.000000000000000000e+00 0.000000000000000000e+00
1.510000000000000000e+02 1.820000000000000000e+02 7.480026549140190717e+00 0.000000000000000000e+00 0.000000000000000000e+00 0.000000000000000000e+00 3.000000000000000000e+00 0.000000000000000000e+00 0.000000000000000000e+00 3.000000000000000000e+00 2.000000000000000000e+00 0.000000000000000000e+00 0.000000000000000000e+00 0.000000000000000000e+00 0.000000000000000000e+00
1.520000000000000000e+02 1.830000000000000000e+02 7.516155281006112077e+00 0.000000000000000000e+00 0.000000000000000000e+00 0.000000000000000000e+00 3.000000000000000000e+00 0.000000000000000000e+00 0.000000000000000000e+00 3.000000000000000000e+00 2.000000000000000000e+00 0.000000000000000000e+00 0.000000000000000000e+00 0.000000000000000000e+00 0.000000000000000000e+00
1.530000000000000000e+02 1.840000000000000000e+02 7.537219719582759048e+00 0.000000000000000000e+00 0.000000000000000000e+00 0.000000000000000000e+00 3.000000000000000000e+00 0.000000000000000000e+00 0.000000000000000000e+00 3.000000000000000000e+00 2.000000000000000000e+00 0.000000000000000000e+00 0.000000000000000000e+00 0.000000000000000000e+00 0.000000000000000000e+00
1.540000000000000000e+02 1.850000000000000000e+02 7.542911249275752184e+00 0.000000000000000000e+00 0.000000000000000000e+00 0.000000000000000000e+00 3.000000000000000000e+00 0.000000000000000000e+00 0.000000000000000000e+00 3.000000000000000000e+00 2.000000000000000000e+00 0.000000000000000000e+00 0.000000000000000000e+00 0.000000000000000000e+00 0.000000000000000000e+00
1.550000000000000000e+02 1.860000000000000000e+02 7.567551475921990622e+00 0.000000000000000000e+00 0.000000000000000000e+00 0.000000000000000000e+00 3.000000000000000000e+00 0.000000000000000000e+00 0.000000000000000000e+00 3.000000000000000000e+00 2.000000000000000000e+00 0.000000000000000000e+00 0.000000000000000000e+00 0.000000000000000000e+00 0.000000000000000000e+00
1.560000000000000000e+02 1.870000000000000000e+02 7.632816328669463246e+00 0.000000000000000000e+00 0.000000000000000000e+00 0.000000000000000000e+00 3.000000000000000000e+00 0.000000000000000000e+00 0.000000000000000000e+00 3.000000000000000000e+00 2.000000000000000000e+00 0.000000000000000000e+00 0.000000000000000000e+00 0.000000000000000000e+00 0.000000000000000000e+00
1.570000000000000000e+02 1.880000000000000000e+02 7.728430149683347850e+00 0.000000000000000000e+00 0.000000000000000000e+00 0.000000000000000000e+00 3.000000000000000000e+00 0.000000000000000000e+00 0.000000000000000000e+00 3.000000000000000000e+00 2.000000000000000000e+00 0.000000000000000000e+00 0.000000000000000000e+00 0.000000000000000000e+00 0.000000000000000000e+00
1.580000000000000000e+02 1.890000000000000000e+02 7.825441894857449121e+00 0.000000000000000000e+00 0.000000000000000000e+00 0.000000000000000000e+00 3.000000000000000000e+00 0.000000000000000000e+00 0.000000000000000000e+00 3.000000000000000000e+00 2.000000000000000000e+00 0.000000000000000000e+00 0.000000000000000000e+00 0.000000000000000000e+00 0.000000000000000000e+00
1.590000000000000000e+02 1.900000000000000000e+02 7.846626556360729587e+00 0.000000000000000000e+00 0.000000000000000000e+00 0.000000000000000000e+00 3.000000000000000000e+00 0.000000000000000000e+00 0.000000000000000000e+00 3.000000000000000000e+00 2.000000000000000000e+00 0.000000000000000000e+00 0.000000000000000000e+00 0.000000000000000000e+00 0.000000000000000000e+00
1.600000000000000000e+02 1.910000000000000000e+02 7.734381416456503899e+00 0.000000000000000000e+00 0.000000000000000000e+00 0.000000000000000000e+00 3.000000000000000000e+00 0.000000000000000000e+00 0.000000000000000000e+00 3.000000000000000000e+00 2.000000000000000000e+00 0.000000000000000000e+00 0.000000000000000000e+00 0.000000000000000000e+00 0.000000000000000000e+00
1.610000000000000000e+02 1.920000000000000000e+02 7.551069442217008820e+00 0.000000000000000000e+00 0.000000000000000000e+00 0.000000000000000000e+00 3.000000000000000000e+00 0.000000000000000000e+00 0.000000000000000000e+00 3.000000000000000000e+00 2.000000000000000000e+00 0.000000000000000000e+00 0.000000000000000000e+00 0.000000000000000000e+00 0.000000000000000000e+00
1.620000000000000000e+02 1.930000000000000000e+02 7.355597748139235392e+00 0.000000000000000000e+00 0.000000000000000000e+00 0.000000000000000000e+00 3.000000000000000000e+00 0.000000000000000000e+00 0.000000000000000000e+00 3.000000000000000000e+00 2.000000000000000000e+00 0.000000000000000000e+00 0.000000000000000000e+00 0.000000000000000000e+00 0.000000000000000000e+00
1.630000000000000000e+02 1.940000000000000000e+02 7.217087516765998245e+00 0.000000000000000000e+00 0.000000000000000000e+00 0.000000000000000000e+00 3.000000000000000000e+00 0.000000000000000000e+00 0.000000000000000000e+00 3.000000000000000000e+00 2.000000000000000000e+00 0.000000000000000000e+00 0.000000000000000000e+00 0.000000000000000000e+00 0.000000000000000000e+00
1.640000000000000000e+02 1.950000000000000000e+02 7.152965609053474338e+00 0.000000000000000000e+00 0.000000000000000000e+00 0.000000000000000000e+00 3.000000000000000000e+00 0.000000000000000000e+00 0.000000000000000000e+00 3.000000000000000000e+00 2.000000000000000000e+00 0.000000000000000000e+00 0.000000000000000000e+00 0.000000000000000000e+00 0.000000000000000000e+00
1.650000000000000000e+02 1.960000000000000000e+02 7.141216376026081392e+00 0.000000000000000000e+00 0.000000000000000000e+00 0.000000000000000000e+00 3.000000000000000000e+00 0.000000000000000000e+00 0.000000000000000000e+00 3.000000000000000000e+00 2.000000000000000000e+00 0.000000000000000000e+00 0.000000000000000000e+00 0.000000000000000000e+00 0.000000000000000000e+00
1.660000000000000000e+02 1.970000000000000000e+02 7.266150631041534247e+00 0.000000000000000000e+00 0.000000000000000000e+00 0.000000000000000000e+00 3.000000000000000000e+00 0.000000000000000000e+00 0.000000000000000000e+00 3.000000000000000000e+00 2.000000000000000000e+00 0.000000000000000000e+00 0.000000000000000000e+00 0.000000000000000000e+00 0.000000000000000000e+00
1.670000000000000000e+02 1.980000000000000000e+02 7.330893762270383363e+00 0.000000000000000000e+00 0.000000000000000000e+00 0.000000000000000000e+00 3.000000000000000000e+00 0.000000000000000000e+00 0.000000000000000000e+00 3.000000000000000000e+00 2.000000000000000000e+00 0.000000000000000000e+00 0.000000000000000000e+00 0.000000000000000000e+00 0.000000000000000000e+00
1.680000000000000000e+02 1.990000000000000000e+02 6.897287682175346823e+00 0.000000000000000000e+00 0.000000000000000000e+00 0.000000000000000000e+00 3.000000000000000000e+00 0.000000000000000000e+00 0.000000000000000000e+00 3.000000000000000000e+00 2.000000000000000000e+00 0.000000000000000000e+00 0.000000000000000000e+00 0.000000000000000000e+00 0.000000000000000000e+00
1.690000000000000000e+02 2.000000000000000000e+02 6.664361355444201607e+00 0.000000000000000000e+00 0.000000000000000000e+00 0.000000000000000000e+00 3.000000000000000000e+00 0.000000000000000000e+00 0.000000000000000000e+00 3.000000000000000000e+00 2.000000000000000000e+00 0.000000000000000000e+00 0.000000000000000000e+00 0.000000000000000000e+00 0.000000000000000000e+00
1.700000000000000000e+02 2.010000000000000000e+02 6.736373545987302869e+00 0.000000000000000000e+00 0.000000000000000000e+00 0.000000000000000000e+00 3.000000000000000000e+00 0.000000000000000000e+00 0.000000000000000000e+00 3.000000000000000000e+00 2.000000000000000000e+00 0.000000000000000000e+00 0.000000000000000000e+00 0.000000000000000000e+00 0.000000000000000000e+00
1.710000000000000000e+02 2.020000000000000000e+02 6.918436495674413322e+00 0.000000000000000000e+00 0.000000000000000000e+00 0.000000000000000000e+00 3.000000000000000000e+00 0.000000000000000000e+00 0.000000000000000000e+00 3.000000000000000000e+00 2.000000000000000000e+00 0.000000000000000000e+00 0.000000000000000000e+00 0.000000000000000000e+00 0.000000000000000000e+00
1.720000000000000000e+02 2.030000000000000000e+02 7.019666043597444727e+00 0.000000000000000000e+00 0.000000000000000000e+00 0.000000000000000000e+00 3.000000000000000000e+00 0.000000000000000000e+00 0.000000000000000000e+00 3.000000000000000000e+00 2.000000000000000000e+00 0.000000000000000000e+00 0.000000000000000000e+00 0.000000000000000000e+00 0.000000000000000000e+00
1.730000000000000000e+02 2.040000000000000000e+02 7.110769440443148071e+00 0.000000000000000000e+00 0.000000000000000000e+00 0.000000000000000000e+00 3.000000000000000000e+00 0.000000000000000000e+00 0.000000000000000000e+00 3.000000000000000000e+00 2.000000000000000000e+00 0.000000000000000000e+00 0.000000000000000000e+00 0.000000000000000000e+00 0.000000000000000000e+00
1.740000000000000000e+02 2.050000000000000000e+02 7.158313691697479442e+00 0.000000000000000000e+00 0.000000000000000000e+00 0.000000000000000000e+00 3.000000000000000000e+00 0.000000000000000000e+00 0.000000000000000000e+00 3.000000000000000000e+00 2.000000000000000000e+00 0.000000000000000000e+00 0.000000000000000000e+00 0.000000000000000000e+00 0.000000000000000000e+00
1.750000000000000000e+02 2.060000000000000000e+02 7.063509324386898491e+00 0.000000000000000000e+00 0.000000000000000000e+00 0.000000000000000000e+00 3.000000000000000000e+00 0.000000000000000000e+00 0.000000000000000000e+00 3.000000000000000000e+00 2.000000000000000000e+00 0.000000000000000000e+00 0.000000000000000000e+00 0.000000000000000000e+00 0.000000000000000000e+00
1.760000000000000000e+02 2.070000000000000000e+02 6.970194852584515210e+00 0.000000000000000000e+00 0.000000000000000000e+00 0.000000000000000000e+00 3.000000000000000000e+00 0.000000000000000000e+00 0.000000000000000000e+00 3.000000000000000000e+00 2.000000000000000000e+00 0.000000000000000000e+00 0.000000000000000000e+00 0.000000000000000000e+00 0.000000000000000000e+00
1.770000000000000000e+02 2.080000000000000000e+02 6.857962974840788206e+00 0.000000000000000000e+00 0.000000000000000000e+00 0.000000000000000000e+00 3.000000000000000000e+00 0.000000000000000000e+00 0.000000000000000000e+00 3.000000000000000000e+00 2.000000000000000000e+00 0.000000000000000000e+00 0.000000000000000000e+00 0.000000000000000000e+00 0.000000000000000000e+00
1.780000000000000000e+02 2.090000000000000000e+02 6.784103670778683259e+00 0.000000000000000000e+00 0.000000000000000000e+00 0.000000000000000000e+00 3.000000000000000000e+00 0.000000000000000000e+00 0.000000000000000000e+00 3.000000000000000000e+00 2.000000000000000000e+00 0.000000000000000000e+00 0.000000000000000000e+00 0.000000000000000000e+00 0.000000000000000000e+00
1.790000000000000000e+02 2.100000000000000000e+02 6.754954289672090439e+00 0.000000000000000000e+00 0.000000000000000000e+00 0.000000000000000000e+00 3.000000000000000000e+00 0.000000000000000000e+00 0.000000000000000000e+00 3.000000000000000000e+00 2.000000000000000000e+00 0.000000000000000000e+00 0.000000000000000000e+00 0.000000000000000000e+00 0.000000000000000000e+00
1.800000000000000000e+02 2.110000000000000000e+02 6.771340852868431348e+00 0.000000000000000000e+00 0.000000000000000000e+00 0.000000000000000000e+00 3.000000000000000000e+00 0.000000000000000000e+00 0.000000000000000000e+00 3.000000000000000000e+00 2.000000000000000000e+00 0.000000000000000000e+00 0.000000000000000000e+00 0.000000000000000000e+00 0.000000000000000000e+00
1.810000000000000000e+02 2.120000000000000000e+02 6.771177983544548695e+00 0.000000000000000000e+00 0.000000000000000000e+00 0.000000000000000000e+00 3.000000000000000000e+00 0.000000000000000000e+00 0.000000000000000000e+00 3.000000000000000000e+00 2.000000000000000000e+00 0.000000000000000000e+00 0.000000000000000000e+00 0.000000000000000000e+00 0.000000000000000000e+00
1.820000000000000000e+02 2.130000000000000000e+02 6.758026838846554973e+00 0.000000000000000000e+00 0.000000000000000000e+00 0.000000000000000000e+00 3.000000000000000000e+00 0.000000000000000000e+00 0.000000000000000000e+00 3.000000000000000000e+00 2.000000000000000000e+00 0.000000000000000000e+00 0.000000000000000000e+00 0.000000000000000000e+00 0.000000000000000000e+00
1.830000000000000000e+02 2.140000000000000000e+02 6.745664201615825917e+00 0.000000000000000000e+00 0.000000000000000000e+00 0.000000000000000000e+00 3.000000000000000000e+00 0.000000000000000000e+00 0.000000000000000000e+00 3.000000000000000000e+00 2.000000000000000000e+00 0.000000000000000000e+00 0.000000000000000000e+00 0.000000000000000000e+00 0.000000000000000000e+00
1.840000000000000000e+02 2.150000000000000000e+02 6.752046612445961493e+00 0.000000000000000000e+00 0.000000000000000000e+00 0.000000000000000000e+00 3.000000000000000000e+00 0.000000000000000000e+00 0.000000000000000000e+00 3.000000000000000000e+00 2.000000000000000000e+00 0.000000000000000000e+00 0.000000000000000000e+00 0.000000000000000000e+00 0.000000000000000000e+00
1.850000000000000000e+02 2.160000000000000000e+02 6.776434569744421488e+00 0.000000000000000000e+00 0.000000000000000000e+00 0.000000000000000000e+00 3.000000000000000000e+00 0.000000000000000000e+00 0.000000000000000000e+00 3.000000000000000000e+00 2.000000000000000000e+00 0.000000000000000000e+00 0.000000000000000000e+00 0.000000000000000000e+00 0.000000000000000000e+00
1.860000000000000000e+02 2.170000000000000000e+02 6.810234467120707791e+00 0.000000000000000000e+00 0.000000000000000000e+00 0.000000000000000000e+00 3.000000000000000000e+00 0.000000000000000000e+00 0.000000000000000000e+00 3.000000000000000000e+00 2.000000000000000000e+00 0.000000000000000000e+00 0.000000000000000000e+00 0.000000000000000000e+00 0.000000000000000000e+00
1.870000000000000000e+02 2.180000000000000000e+02 6.792312143376140199e+00 0.000000000000000000e+00 0.000000000000000000e+00 0.000000000000000000e+00 3.000000000000000000e+00 0.000000000000000000e+00 0.000000000000000000e+00 3.000000000000000000e+00 2.000000000000000000e+00 0.000000000000000000e+00 0.000000000000000000e+00 0.000000000000000000e+00 0.000000000000000000e+00
1.880000000000000000e+02 2.190000000000000000e+02 6.723088881331649169e+00 0.000000000000000000e+00 0.000000000000000000e+00 0.000000000000000000e+00 3.000000000000000000e+00 0.000000000000000000e+00 0.000000000000000000e+00 3.000000000000000000e+00 2.000000000000000000e+00 0.000000000000000000e+00 0.000000000000000000e+00 0.000000000000000000e+00 0.000000000000000000e+00
1.890000000000000000e+02 2.200000000000000000e+02 6.689190156422205824e+00 0.000000000000000000e+00 0.000000000000000000e+00 0.000000000000000000e+00 3.000000000000000000e+00 0.000000000000000000e+00 0.000000000000000000e+00 3.000000000000000000e+00 2.000000000000000000e+00 0.000000000000000000e+00 0.000000000000000000e+00 0.000000000000000000e+00 0.000000000000000000e+00
1.900000000000000000e+02 2.210000000000000000e+02 6.688504996325269403e+00 0.000000000000000000e+00 0.000000000000000000e+00 0.000000000000000000e+00 3.000000000000000000e+00 0.000000000000000000e+00 0.000000000000000000e+00 3.000000000000000000e+00 2.000000000000000000e+00 0.000000000000000000e+00 0.000000000000000000e+00 0.000000000000000000e+00 0.000000000000000000e+00
1.910000000000000000e+02 2.220000000000000000e+02 6.704873249206333874e+00 0.000000000000000000e+00 0.000000000000000000e+00 0.000000000000000000e+00 3.000000000000000000e+00 0.000000000000000000e+00 0.000000000000000000e+00 3.000000000000000000e+00 2.000000000000000000e+00 0.000000000000000000e+00 0.000000000000000000e+00 0.000000000000000000e+00 0.000000000000000000e+00
1.920000000000000000e+02 2.230000000000000000e+02 6.744787849019463266e+00 0.000000000000000000e+00 0.000000000000000000e+00 0.000000000000000000e+00 3.000000000000000000e+00 0.000000000000000000e+00 0.000000000000000000e+00 3.000000000000000000e+00 2.000000000000000000e+00 0.000000000000000000e+00 0.000000000000000000e+00 0.000000000000000000e+00 0.000000000000000000e+00
1.930000000000000000e+02 2.240000000000000000e+02 6.779130374441007412e+00 0.000000000000000000e+00 0.000000000000000000e+00 0.000000000000000000e+00 3.000000000000000000e+00 0.000000000000000000e+00 0.000000000000000000e+00 3.000000000000000000e+00 2.000000000000000000e+00 0.000000000000000000e+00 0.000000000000000000e+00 0.000000000000000000e+00 0.000000000000000000e+00
1.940000000000000000e+02 2.250000000000000000e+02 6.818430833569051330e+00 0.000000000000000000e+00 0.000000000000000000e+00 0.000000000000000000e+00 3.000000000000000000e+00 0.000000000000000000e+00 0.000000000000000000e+00 3.000000000000000000e+00 2.000000000000000000e+00 0.000000000000000000e+00 0.000000000000000000e+00 0.000000000000000000e+00 0.000000000000000000e+00
1.950000000000000000e+02 2.260000000000000000e+02 6.850280779029096934e+00 0.000000000000000000e+00 0.000000000000000000e+00 0.000000000000000000e+00 3.000000000000000000e+00 0.000000000000000000e+00 0.000000000000000000e+00 3.000000000000000000e+00 2.000000000000000000e+00 0.000000000000000000e+00 0.000000000000000000e+00 0.000000000000000000e+00 0.000000000000000000e+00
1.960000000000000000e+02 2.270000000000000000e+02 6.879718740048982539e+00 0.000000000000000000e+00 0.000000000000000000e+00 0.000000000000000000e+00 3.000000000000000000e+00 0.000000000000000000e+00 0.000000000000000000e+00 3.000000000000000000e+00 2.000000000000000000e+00 0.000000000000000000e+00 0.000000000000000000e+00 0.000000000000000000e+00 0.000000000000000000e+00
1.970000000000000000e+02 2.280000000000000000e+02 6.908436577258303402e+00 0.000000000000000000e+00 0.000000000000000000e+00 0.000000000000000000e+00 3.000000000000000000e+00 0.000000000000000000e+00 0.000000000000000000e+00 3.000000000000000000e+00 2.000000000000000000e+00 0.000000000000000000e+00 0.000000000000000000e+00 0.000000000000000000e+00 0.000000000000000000e+00
1.980000000000000000e+02 2.290000000000000000e+02 6.944786505788571596e+00 0.000000000000000000e+00 0.000000000000000000e+00 0.000000000000000000e+00 3.000000000000000000e+00 0.000000000000000000e+00 0.000000000000000000e+00 3.000000000000000000e+00 2.000000000000000000e+00 0.000000000000000000e+00 0.000000000000000000e+00 0.000000000000000000e+00 0.000000000000000000e+00
1.990000000000000000e+02 2.300000000000000000e+02 6.960070312023939998e+00 0.000000000000000000e+00 0.000000000000000000e+00 0.000000000000000000e+00 3.000000000000000000e+00 0.000000000000000000e+00 0.000000000000000000e+00 3.000000000000000000e+00 2.000000000000000000e+00 0.000000000000000000e+00 0.000000000000000000e+00 0.000000000000000000e+00 0.000000000000000000e+00
2.000000000000000000e+02 2.310000000000000000e+02 6.927830684826826513e+00 0.000000000000000000e+00 0.000000000000000000e+00 0.000000000000000000e+00 3.000000000000000000e+00 0.000000000000000000e+00 0.000000000000000000e+00 3.000000000000000000e+00 2.000000000000000000e+00 0.000000000000000000e+00 0.000000000000000000e+00 0.000000000000000000e+00 0.000000000000000000e+00
