# pose.bones['Ball'].scale Z
# 
0.000000000000000000e+00 2.000000000000000000e+00 9.612814784049987793e-01 0.000000000000000000e+00 -4.617370605468750000e+00 9.850328564643859863e-01 2.000000000000000000e+00 2.017329025268554688e+01 8.960530757904052734e-01 2.000000000000000000e+00 2.000000000000000000e+00 0.000000000000000000e+00 8.000000119209289551e-01 1.701580047607421875e+00 4.099999904632568359e+00
1.000000000000000000e+00 2.600000000000000000e+01 7.699071764945983887e-01 0.000000000000000000e+00 1.508569622039794922e+01 7.712455391883850098e-01 2.000000000000000000e+00 2.744172668457031250e+01 7.697303891181945801e-01 2.000000000000000000e+00 2.000000000000000000e+00 0.000000000000000000e+00 8.000000119209289551e-01 1.701580047607421875e+00 4.099999904632568359e+00
2.000000000000000000e+00 4.100000000000000000e+01 1.259387731552124023e+00 0.000000000000000000e+00 3.832788085937500000e+01 1.259360909461975098e+00 2.000000000000000000e+00 5.292260742187500000e+01 1.259507417678833008e+00 2.000000000000000000e+00 2.000000000000000000e+00 0.000000000000000000e+00 8.000000119209289551e-01 1.701580047607421875e+00 4.099999904632568359e+00
3.000000000000000000e+00 6.000000000000000000e+01 7.725949287414550781e-01 0.000000000000000000e+00 5.966665649414062500e+01 7.725521922111511230e-01 2.000000000000000000e+00 7.630865478515625000e+01 7.746858000755310059e-01 2.000000000000000000e+00 2.000000000000000000e+00 0.000000000000000000e+00 8.000000119209289551e-01 1.701580047607421875e+00 4.099999904632568359e+00
4.000000000000000000e+00 1.210000000000000000e+02 1.000000000000000000e+00 0.000000000000000000e+00 7.226370239257812500e+01 9.970151185989379883e-01 2.000000000000000000e+00 1.771871337890625000e+02 1.003441214561462402e+00 2.000000000000000000e+00 2.000000000000000000e+00 0.000000000000000000e+00 8.000000119209289551e-01 1.701580047607421875e+00 4.099999904632568359e+00
5.000000000000000000e+00 1.760000000000000000e+02 7.699071764945983887e-01 0.000000000000000000e+00 1.611115112304687500e+02 7.717328071594238281e-01 2.000000000000000000e+00 1.774417266845703125e+02 7.697303891181945801e-01 2.000000000000000000e+00 2.000000000000000000e+00 0.000000000000000000e+00 8.000000119209289551e-01 1.701580047607421875e+00 4.099999904632568359e+00
6.000000000000000000e+00 1.910000000000000000e+02 1.259387731552124023e+00 0.000000000000000000e+00 1.883278808593750000e+02 1.259360909461975098e+00 2.000000000000000000e+00 2.029226074218750000e+02 1.259507417678833008e+00 2.000000000000000000e+00 2.000000000000000000e+00 0.000000000000000000e+00 8.000000119209289551e-01 1.701580047607421875e+00 4.099999904632568359e+00
7.000000000000000000e+00 2.100000000000000000e+02 7.725949287414550781e-01 0.000000000000000000e+00 2.096666564941406250e+02 7.725521922111511230e-01 2.000000000000000000e+00 2.263086547851562500e+02 7.746858000755310059e-01 2.000000000000000000e+00 2.000000000000000000e+00 0.000000000000000000e+00 8.000000119209289551e-01 1.701580047607421875e+00 4.099999904632568359e+00
8.000000000000000000e+00 2.710000000000000000e+02 1.000000000000000000e+00 0.000000000000000000e+00 2.222637023925781250e+02 9.970151185989379883e-01 2.000000000000000000e+00 3.271871337890625000e+02 1.003441214561462402e+00 2.000000000000000000e+00 2.000000000000000000e+00 0.000000000000000000e+00 8.000000119209289551e-01 1.701580047607421875e+00 4.099999904632568359e+00
9.000000000000000000e+00 3.260000000000000000e+02 7.699071764945983887e-01 0.000000000000000000e+00 3.111115112304687500e+02 7.717328667640686035e-01 2.000000000000000000e+00 3.274417114257812500e+02 7.697303891181945801e-01 2.000000000000000000e+00 2.000000000000000000e+00 0.000000000000000000e+00 8.000000119209289551e-01 1.701580047607421875e+00 4.099999904632568359e+00
1.000000000000000000e+01 3.410000000000000000e+02 1.259387731552124023e+00 0.000000000000000000e+00 3.383278808593750000e+02 1.259360909461975098e+00 2.000000000000000000e+00 3.529226074218750000e+02 1.259507417678833008e+00 2.000000000000000000e+00 2.000000000000000000e+00 0.000000000000000000e+00 8.000000119209289551e-01 1.701580047607421875e+00 4.099999904632568359e+00
1.100000000000000000e+01 3.600000000000000000e+02 7.725949287414550781e-01 0.000000000000000000e+00 3.596666564941406250e+02 7.725521922111511230e-01 2.000000000000000000e+00 3.763086547851562500e+02 7.746858000755310059e-01 2.000000000000000000e+00 2.000000000000000000e+00 0.000000000000000000e+00 8.000000119209289551e-01 1.701580047607421875e+00 4.099999904632568359e+00
1.200000000000000000e+01 4.210000000000000000e+02 1.000000000000000000e+00 0.000000000000000000e+00 3.514179992675781250e+02 9.998863339424133301e-01 2.000000000000000000e+00 4.775570678710937500e+02 1.000092387199401855e+00 2.000000000000000000e+00 2.000000000000000000e+00 0.000000000000000000e+00 8.000000119209289551e-01 1.701580047607421875e+00 4.099999904632568359e+00
1.300000000000000000e+01 4.760000000000000000e+02 7.699071764945983887e-01 0.000000000000000000e+00 4.611115112304687500e+02 7.717328667640686035e-01 2.000000000000000000e+00 4.774417114257812500e+02 7.697303891181945801e-01 2.000000000000000000e+00 2.000000000000000000e+00 0.000000000000000000e+00 8.000000119209289551e-01 1.701580047607421875e+00 4.099999904632568359e+00
1.400000000000000000e+01 4.910000000000000000e+02 1.259387731552124023e+00 0.000000000000000000e+00 4.883278808593750000e+02 1.258332490921020508e+00 2.000000000000000000e+00 4.946156005859375000e+02 1.260815501213073730e+00 2.000000000000000000e+00 2.000000000000000000e+00 0.000000000000000000e+00 8.000000119209289551e-01 1.701580047607421875e+00 4.099999904632568359e+00
1.500000000000000000e+01 5.180000000000000000e+02 1.000000000000000000e+00 0.000000000000000000e+00 5.032037963867187500e+02 9.985824823379516602e-01 2.000000000000000000e+00 5.218175048828125000e+02 1.000365734100341797e+00 2.000000000000000000e+00 2.000000000000000000e+00 0.000000000000000000e+00 8.000000119209289551e-01 1.701580047607421875e+00 4.099999904632568359e+00
