# location Z
# 
0.000000000000000000e+00 1.000000000000000000e+00 4.336399555206298828e+00 0.000000000000000000e+00 -3.900000000000000000e+01 4.336399555206298828e+00 2.000000000000000000e+00 3.702194213867187500e+01 4.336399555206298828e+00 2.000000000000000000e+00 2.000000000000000000e+00 0.000000000000000000e+00 8.000000119209289551e-01 1.701580047607421875e+00 4.099999904632568359e+00
1.000000000000000000e+00 6.800000000000000000e+01 0.000000000000000000e+00 0.000000000000000000e+00 4.566666412353515625e+01 3.126285552978515625e+00 1.000000000000000000e+00 8.833333587646484375e+01 3.547222852706909180e+00 1.000000000000000000e+00 2.000000000000000000e+00 0.000000000000000000e+00 8.000000119209289551e-01 1.701580047607421875e+00 4.099999904632568359e+00
2.000000000000000000e+00 1.290000000000000000e+02 4.336399555206298828e+00 0.000000000000000000e+00 9.287767791748046875e+01 4.340000152587890625e+00 2.000000000000000000e+00 1.664381103515625000e+02 4.332667827606201172e+00 2.000000000000000000e+00 2.000000000000000000e+00 0.000000000000000000e+00 8.000000119209289551e-01 1.701580047607421875e+00 4.099999904632568359e+00
3.000000000000000000e+00 1.910000000000000000e+02 0.000000000000000000e+00 0.000000000000000000e+00 1.703333282470703125e+02 3.645558118820190430e+00 1.000000000000000000e+00 2.153333282470703125e+02 3.383656978607177734e+00 1.000000000000000000e+00 2.000000000000000000e+00 0.000000000000000000e+00 8.000000119209289551e-01 1.701580047607421875e+00 4.099999904632568359e+00
4.000000000000000000e+00 2.640000000000000000e+02 4.336399555206298828e+00 0.000000000000000000e+00 2.224595031738281250e+02 4.374582290649414062e+00 2.000000000000000000e+00 3.065229492187500000e+02 4.297313690185546875e+00 2.000000000000000000e+00 2.000000000000000000e+00 0.000000000000000000e+00 8.000000119209289551e-01 1.701580047607421875e+00 4.099999904632568359e+00
5.000000000000000000e+00 3.370000000000000000e+02 0.000000000000000000e+00 0.000000000000000000e+00 3.126666564941406250e+02 3.431039333343505859e+00 1.000000000000000000e+00 3.620000000000000000e+02 3.377788305282592773e+00 1.000000000000000000e+00 2.000000000000000000e+00 0.000000000000000000e+00 8.000000119209289551e-01 1.701580047607421875e+00 4.099999904632568359e+00
6.000000000000000000e+00 4.120000000000000000e+02 4.336399555206298828e+00 0.000000000000000000e+00 3.693775634765625000e+02 4.374582290649414062e+00 2.000000000000000000e+00 4.559381713867187500e+02 4.297038078308105469e+00 2.000000000000000000e+00 2.000000000000000000e+00 0.000000000000000000e+00 8.000000119209289551e-01 1.701580047607421875e+00 4.099999904632568359e+00
7.000000000000000000e+00 4.910000000000000000e+02 0.000000000000000000e+00 0.000000000000000000e+00 4.646666564941406250e+02 3.227308511734008789e+00 0.000000000000000000e+00 5.214941406250000000e+02 0.000000000000000000e+00 0.000000000000000000e+00 2.000000000000000000e+00 0.000000000000000000e+00 8.000000119209289551e-01 1.701580047607421875e+00 4.099999904632568359e+00
8.000000000000000000e+00 5.200000000000000000e+02 0.000000000000000000e+00 0.000000000000000000e+00 5.103333435058593750e+02 0.000000000000000000e+00 4.000000000000000000e+00 5.296666870117187500e+02 0.000000000000000000e+00 4.000000000000000000e+00 2.000000000000000000e+00 0.000000000000000000e+00 8.000000119209289551e-01 1.701580047607421875e+00 4.099999904632568359e+00
